C3984	1	248	258	126	130	165	177	205	209	158	164	239	243	177	181	335	341	181	181	330	340	221	239
C3985	1	260	280	104	124	165	177	203	219	164	162	205	205	177	183	335	327	189	189	318	318	239	235
C3986	1	248	276	124	128	165	165	205	203	162	168	239	219	177	181	335	327	181	185	326	326	239	239
C4231	1	276	276	116	122	159	167	205	211	158	158	217	217	177	183	335	333	185	183	340	316	239	231
C4344	1	248	248	128	120	165	175	203	213	158	166	211	211	183	187	327	327	189	187	318	318	239	235
C4347	1	276	276	128	122	159	175	205	219	166	166	-9	-9	177	181	-9	-9	189	187	326	326	227	237
C4352	1	248	248	124	128	165	155	211	207	158	158	-9	-9	181	183	-9	-9	181	183	330	326	239	239
C4355	1	248	254	128	120	163	163	205	207	160	160	217	217	177	177	-9	-9	185	191	318	326	221	237
C4358	1	248	258	128	128	165	165	-9	-9	158	164	203	203	177	187	-9	-9	189	187	318	326	237	229
C4419	1	248	254	104	128	165	177	205	203	158	160	233	233	177	183	-9	-9	183	197	326	316	237	237
C4428	1	248	254	128	136	165	177	-9	-9	158	164	205	213	177	177	333	339	187	191	340	340	239	239
C4436	1	248	248	128	122	155	163	219	219	158	158	239	239	177	177	333	333	181	189	318	326	235	227
C4437	1	-9	-9	104	128	155	163	205	219	158	164	205	235	177	177	-9	-9	181	191	318	318	227	227
C4450	1	258	254	104	128	163	173	205	207	158	166	205	205	177	183	333	337	181	169	318	326	239	235
C4531	1	248	260	104	128	155	161	203	203	158	162	205	205	177	183	337	343	187	179	318	344	237	237
C1615	1	248	250	130	130	163	171	207	207	158	162	239	217	177	187	333	333	181	185	318	328	235	235
C1616	1	248	270	128	115	161	161	203	211	160	160	239	235	177	171	333	333	185	187	318	318	235	237
C1617	1	248	248	130	128	177	159	219	207	166	166	245	259	177	183	-9	-9	183	187	318	336	221	237
C1618	1	248	248	124	132	175	163	205	217	158	162	219	215	177	181	333	339	189	185	330	326	235	237
C1619	1	248	248	130	132	165	163	203	207	162	160	219	233	183	193	333	339	189	191	318	332	221	239
C1620	1	248	250	128	132	159	163	203	217	158	158	235	233	-9	-9	339	339	189	185	326	348	221	237
C1621	1	254	250	130	115	165	171	211	211	158	166	241	255	177	177	327	333	183	183	318	320	239	241
C1623	1	248	248	104	128	165	163	219	199	158	158	-9	-9	177	187	327	331	191	179	330	338	221	227
C1625	1	248	250	128	132	159	171	207	207	158	160	239	219	183	183	327	333	189	189	336	332	221	235
C1626	1	250	270	128	122	155	161	203	211	158	160	243	255	177	183	333	333	187	169	318	336	221	235
C1627	1	250	270	130	128	177	163	203	211	158	158	-9	-9	177	183	333	333	181	187	318	336	221	239
C1633	1	254	250	128	128	165	165	205	211	160	160	239	243	177	183	333	333	189	169	318	318	239	237
C1637	1	248	250	130	128	159	161	211	211	166	160	243	259	177	183	327	333	181	187	318	336	239	239
C1650	1	254	290	128	122	177	159	203	211	168	160	239	241	185	171	341	341	181	169	318	334	239	235
C3202	1	276	264	130	124	163	163	207	207	166	156	239	213	177	170	341	333	189	189	330	326	221	227
C3248	1	248	276	130	174	177	175	203	207	166	160	221	225	170	179	333	333	185	183	318	316	221	235
C3304	1	-9	-9	104	128	155	155	209	213	166	160	239	245	183	183	339	339	181	189	340	340	221	221
C3326	1	248	252	120	120	175	163	205	201	162	156	217	215	177	177	333	333	191	169	340	326	221	221
C3333	1	276	276	128	120	175	161	203	207	166	166	211	213	177	183	333	339	191	169	340	340	235	227
C3339	1	-9	-9	128	120	-9	-9	219	201	166	160	219	245	177	193	333	339	191	169	326	336	239	239
C3346	1	248	276	122	120	165	155	203	207	156	156	239	213	193	179	341	339	181	191	326	334	221	239
C3349	1	248	276	124	120	177	155	203	207	166	156	243	213	187	185	333	339	191	191	318	318	239	235
C3367	1	282	282	104	122	175	163	-9	-9	-9	-9	219	229	181	170	327	327	189	191	318	326	239	227
C3374	1	248	248	122	122	165	177	205	201	166	160	241	241	183	193	341	333	191	191	318	336	221	237
C3405	1	282	282	104	122	165	177	205	209	160	160	213	227	183	185	327	333	183	169	318	326	235	235
C4543	2	248	254	122	122	167	179	207	207	168	168	239	217	177	183	335	341	183	191	330	316	221	239
C4545	2	248	280	-9	-9	163	179	217	217	168	168	219	213	177	189	335	329	181	179	340	338	239	239
C4551	2	248	248	-9	-9	165	161	211	217	168	160	215	229	179	179	341	341	189	183	318	316	237	237
C4491	2	256	256	104	120	163	163	203	211	162	166	239	205	177	179	341	337	185	169	340	344	221	235
C4494	2	276	276	104	120	163	179	205	211	166	166	213	213	177	177	335	341	181	183	340	340	239	235
C4495	2	280	268	130	122	163	171	211	217	166	166	213	213	183	187	341	341	191	175	318	326	239	223
C4497	2	258	276	124	128	177	177	217	217	166	160	-9	-9	183	187	341	343	183	191	318	342	221	235
C4501	2	248	254	136	136	163	179	205	205	166	160	243	243	177	179	335	339	181	181	340	316	221	229
C4502	2	248	264	104	136	165	163	203	203	158	160	219	219	177	183	333	333	181	185	318	316	221	237
C4503	2	248	272	122	132	179	179	209	209	168	168	239	221	177	189	341	337	183	169	318	334	239	235
C4504	2	276	254	126	124	165	163	209	209	166	160	217	217	175	175	333	343	191	169	330	340	239	223
C4470	2	282	264	128	134	177	179	205	211	166	160	221	225	171	179	335	333	169	179	318	318	221	235
C4471	2	258	276	122	136	179	179	209	209	160	160	217	217	177	171	335	341	181	185	318	318	221	235
C4474	2	248	248	104	122	163	179	211	211	158	162	-9	-9	171	179	335	343	183	169	318	338	237	223
C4476	2	248	248	124	124	175	179	203	211	160	160	221	221	179	179	335	343	185	183	316	316	221	239
C4478	2	276	276	104	104	163	179	209	217	160	169	219	219	177	179	335	343	187	191	318	316	221	239
C4479	2	278	278	124	128	175	155	211	211	160	160	221	221	177	177	341	341	187	169	340	318	221	239
C4482	2	276	276	130	136	165	171	207	207	160	160	235	235	177	171	343	345	181	183	340	318	239	227
C4483	2	258	264	104	122	179	179	209	211	158	162	233	233	177	177	341	331	169	177	330	318	221	227
C4484	2	248	276	104	104	167	179	203	203	166	160	233	233	177	189	335	341	191	169	318	334	221	239
C4485	2	276	282	104	122	165	179	207	207	166	166	225	225	171	179	335	335	185	187	318	318	221	235
C4489	2	248	248	130	136	177	179	205	209	166	160	217	211	177	183	327	343	181	191	336	344	221	221
C4505	2	248	248	124	122	163	179	205	201	158	160	239	225	181	187	335	339	183	169	318	316	239	235
C4507	2	248	258	122	134	167	155	205	205	158	168	221	221	177	183	335	335	191	191	340	326	237	237
C4535	2	248	258	130	130	167	171	203	203	164	164	219	233	177	185	335	341	181	183	338	338	239	235
C4542	2	248	246	104	104	167	171	205	205	158	164	233	229	181	185	337	343	183	191	326	338	239	235
C4553	2	248	248	-9	-9	177	175	207	207	158	162	239	213	181	171	341	327	181	179	318	318	235	235
C4562	2	248	276	-9	-9	179	179	203	199	158	164	221	221	177	183	327	333	181	169	340	318	-9	-9
C4582	2	248	254	-9	-9	165	177	203	211	162	168	-9	-9	181	171	333	333	181	191	318	338	227	237
C4693	2	282	264	124	122	159	155	203	211	168	168	217	217	177	177	341	333	189	187	326	336	237	237
C4696	2	248	280	104	128	155	179	205	201	158	164	217	217	177	193	333	337	189	187	330	340	235	237
C3179	2	248	280	130	104	163	163	207	207	166	166	211	231	183	179	339	339	191	191	318	318	239	239
C3181	2	276	278	122	136	177	173	209	207	166	160	241	201	177	177	341	339	169	169	318	318	221	221
C3188	2	248	254	130	120	177	163	205	207	166	160	225	225	177	183	335	341	191	169	330	318	221	235
C3190	2	248	254	104	136	167	161	203	207	156	156	213	245	177	183	341	333	187	187	318	344	239	227
C3193	2	276	282	104	134	177	175	211	207	160	160	233	225	170	179	333	339	185	185	340	318	235	227
C3232	2	276	254	104	158	163	163	203	217	166	160	217	215	177	181	335	341	185	169	318	318	221	239
C3236	2	280	282	130	122	159	163	205	203	166	156	217	259	183	185	341	333	183	191	318	318	239	239
C3249	2	258	276	130	124	165	177	207	207	166	160	217	217	177	177	333	339	187	191	318	318	235	235
C3250	2	248	282	124	136	177	177	205	211	160	160	217	221	181	181	333	339	191	169	340	318	239	235
C3253	2	248	258	130	128	177	163	211	201	160	160	233	225	177	183	335	333	183	187	318	318	221	239
C3255	2	276	264	130	136	165	177	203	211	160	160	241	201	177	185	341	339	185	169	318	318	239	239
C3277	2	248	282	128	120	175	171	211	207	166	160	233	221	177	179	333	339	187	191	318	318	221	237
C3315	2	248	256	104	136	165	165	211	211	166	160	233	253	183	189	341	343	191	169	340	318	235	237
C3288	2	276	282	124	128	163	179	203	207	164	160	213	227	177	170	333	333	189	183	318	326	227	227
C3293	2	282	264	104	122	165	165	209	203	164	166	213	213	187	179	327	333	169	169	340	318	221	227
C4018	3	276	276	128	122	163	163	205	203	162	169	213	213	185	170	335	343	187	187	318	318	239	239
C3980	3	280	272	104	128	159	179	203	203	158	162	217	197	177	177	335	341	187	191	340	340	221	235
C3987	3	260	272	104	128	177	163	205	217	168	168	239	205	177	183	335	341	189	179	318	334	221	235
C3988	3	248	260	130	124	175	175	205	203	162	168	235	221	177	183	341	341	181	189	318	318	221	221
C3989	3	280	280	122	122	165	171	203	197	160	160	213	213	183	183	341	333	187	177	318	318	210	210
C4011	3	248	254	130	104	177	177	203	203	162	168	239	239	177	170	339	345	181	181	340	318	221	221
C4017	3	248	258	104	124	163	179	203	203	164	168	239	217	177	177	341	343	187	169	318	318	239	239
C4296	3	248	248	122	136	163	173	203	211	158	164	221	221	177	170	333	333	183	187	316	320	221	235
C4301	3	254	254	104	104	167	167	209	209	166	166	-9	-9	177	177	333	339	183	169	326	326	221	223
C4303	3	276	276	130	122	165	165	207	199	166	160	215	215	177	177	333	333	189	187	326	326	221	227
C4453	3	254	254	130	104	165	175	203	203	158	166	219	217	177	187	333	339	183	187	330	330	221	239
C4455	3	-9	-9	124	122	165	165	203	203	168	166	213	193	187	170	327	333	183	187	340	340	221	227
C4456	3	-9	-9	104	104	175	155	203	203	168	166	219	219	177	185	-9	-9	189	169	318	326	227	227
C4457	3	-9	-9	104	104	163	171	211	207	166	160	239	235	177	183	327	327	183	169	318	326	221	227
C4459	3	-9	-9	130	122	165	177	203	203	162	160	213	225	183	185	341	333	169	169	340	318	239	235
C4464	3	-9	-9	122	120	-9	-9	203	203	158	160	239	239	181	179	333	333	189	183	340	318	221	239
C4468	3	248	264	130	128	165	159	203	211	166	166	-9	-9	177	177	333	333	185	187	340	340	221	221
C4783	3	280	276	130	124	165	155	203	194	168	168	213	213	177	181	341	343	187	169	318	318	227	243
C4786	3	248	280	130	104	167	179	203	207	168	160	239	239	177	183	333	333	185	187	326	334	239	235
C4789	3	278	278	104	124	177	167	203	203	158	158	-9	-9	177	181	341	343	191	169	336	342	221	239
C4891	3	276	274	130	128	177	181	203	203	158	168	213	213	177	181	339	339	189	191	330	326	235	223
C4896	3	276	278	104	124	165	175	207	207	158	168	217	217	181	181	343	343	187	187	318	348	223	243
C4898	3	276	254	104	122	163	171	207	194	168	168	241	241	177	183	333	339	189	185	318	338	239	223
C4901	3	276	272	104	104	163	181	203	207	169	169	235	237	177	179	341	333	185	185	340	318	239	239
C4903	3	280	276	104	122	165	179	207	207	158	169	-9	-9	177	177	333	339	187	169	318	342	221	227
C4904	3	280	276	104	104	165	167	203	195	158	168	217	217	177	179	341	333	185	187	318	338	221	239
C3263	3	260	276	128	132	175	163	205	219	166	160	239	227	183	193	327	339	183	183	318	318	221	239
C3271	3	260	280	128	120	165	167	219	217	166	160	205	221	177	183	327	329	185	183	318	336	239	239
C3272	3	280	276	128	128	177	167	209	217	166	160	241	261	177	170	333	329	169	169	318	316	221	235
C3276	3	258	282	104	104	167	175	209	207	166	156	215	215	181	185	339	329	191	169	318	326	221	227
C3280	3	258	276	130	124	163	163	205	217	166	166	221	229	183	189	-9	-9	189	183	340	316	239	235
C3305	3	248	258	124	128	175	163	217	217	164	166	243	261	177	177	339	329	-9	-9	318	336	239	239
C3306	3	260	276	128	128	165	175	205	217	166	160	205	227	177	183	333	333	183	193	318	336	221	221
C3324	3	248	248	136	136	163	163	205	203	166	166	261	261	179	189	337	329	189	189	318	318	239	235
C3329	3	276	256	130	136	175	163	205	203	168	166	239	229	183	193	333	339	183	193	318	316	239	235
C3336	3	248	280	104	128	167	163	203	217	166	160	241	261	177	170	333	339	183	169	340	318	235	235
C3341	3	-9	-9	124	132	-9	-9	209	217	168	166	217	227	177	183	327	333	183	193	340	316	221	235
C3409	3	248	254	130	132	161	187	205	211	166	160	217	259	177	177	-9	-9	181	183	-9	-9	221	221
C3168	3	276	276	104	122	165	179	203	207	166	166	259	263	177	177	341	339	169	169	318	326	-9	-9
C3170	3	276	254	104	104	167	155	207	207	166	166	239	217	183	179	333	333	185	191	318	318	221	239
C3214	3	248	272	122	106	-9	-9	215	215	166	156	215	215	177	179	-9	-9	185	187	318	334	239	239
C3227	3	272	278	104	122	167	179	203	203	166	156	237	263	177	183	333	339	187	191	326	336	239	227
C3228	3	248	256	104	122	177	159	211	199	166	166	217	215	177	183	341	329	181	169	318	326	237	237
C3278	3	280	278	104	124	177	173	203	193	166	166	259	263	177	181	341	339	187	187	330	326	235	243
C3279	3	280	252	130	104	155	173	203	193	166	166	239	213	177	170	333	339	187	191	336	348	221	239
C3321	3	280	278	104	104	177	179	205	193	158	156	259	263	177	181	341	333	181	181	330	326	227	227
C3322	3	278	262	130	104	159	171	203	193	166	166	217	213	177	181	341	339	189	187	318	338	223	223
C3303	3	248	280	130	130	163	163	205	207	166	156	259	257	177	185	333	333	185	187	318	326	235	235
C3317	3	248	248	130	132	163	171	205	203	164	166	259	225	177	183	333	333	181	187	316	336	239	239
C3355	3	248	282	130	132	163	161	205	203	160	156	217	259	177	183	333	339	181	183	318	318	239	239
C3376	3	248	276	124	124	177	163	203	203	160	160	245	255	177	185	-9	-9	189	187	318	316	221	237
C3401	3	258	280	104	128	177	175	205	203	164	166	215	253	177	193	333	339	181	189	340	336	235	235
C3203	3	254	290	128	122	-9	-9	209	199	160	156	217	241	177	177	333	333	189	185	318	346	221	221
C3245	3	254	278	128	128	175	161	207	207	166	166	217	235	170	179	327	339	189	189	340	350	221	235
C3302	3	276	276	104	124	163	161	205	207	164	160	213	227	177	170	327	333	189	187	318	326	227	225
C3307	3	248	248	130	122	175	171	211	207	168	160	219	227	187	179	341	327	183	183	340	340	239	225
C3310	3	256	274	130	120	165	163	203	203	166	156	213	227	185	170	341	339	189	185	340	326	227	225
C3312	3	276	254	130	128	165	165	211	207	166	160	239	217	177	187	341	339	-9	-9	318	318	239	231
C3345	3	280	254	130	130	163	163	209	203	160	156	239	227	177	187	341	327	185	169	318	326	221	225
C3371	3	280	282	130	104	177	171	203	207	160	160	219	227	170	179	327	333	183	191	330	318	225	225
C3372	3	248	280	128	122	163	171	203	211	160	160	239	227	177	187	341	333	183	183	326	326	221	225
C3380	3	254	282	122	122	179	179	-9	-9	160	156	213	245	183	170	333	333	189	183	318	326	221	227
C3417	3	254	282	130	122	177	171	209	203	164	168	219	231	177	170	327	333	189	191	318	346	221	229
C4569	4	256	256	-9	-9	165	175	211	207	168	168	239	205	171	179	333	343	183	191	316	316	235	235
C4570	4	248	248	-9	-9	155	163	205	211	168	168	241	241	171	179	333	343	187	179	340	318	239	239
C4571	4	254	282	-9	-9	175	163	211	217	158	168	217	241	177	181	333	339	187	169	318	318	237	237
C4572	4	248	248	-9	-9	165	163	205	211	162	168	239	239	181	187	339	343	183	167	318	338	235	237
C4573	4	272	272	-9	-9	163	171	205	211	158	164	233	241	177	177	327	333	183	169	340	316	237	229
C4575	4	282	264	-9	-9	163	163	207	207	168	168	215	221	177	177	339	343	169	177	316	338	221	239
C4577	4	248	280	-9	-9	163	161	203	217	168	168	221	221	181	183	341	341	177	167	318	334	239	237
C4578	4	248	282	-9	-9	155	163	203	211	164	164	215	241	177	171	333	343	169	177	318	318	221	221
C4600	4	248	280	-9	-9	171	171	205	199	162	162	217	217	177	185	333	339	181	169	318	318	-9	-9
C4612	4	248	282	-9	-9	165	159	203	203	158	164	217	217	177	183	343	331	169	177	334	322	235	235
C4621	4	254	272	122	122	177	159	217	217	162	169	217	217	181	187	341	341	189	169	318	318	221	227
C4622	4	248	276	130	104	179	179	203	217	164	162	-9	-9	185	185	327	345	185	169	340	344	239	239
C4623	4	248	252	122	122	165	163	205	205	158	168	227	227	185	193	327	333	183	191	340	340	239	237
C4624	4	248	278	104	124	163	179	219	211	168	168	215	215	183	171	341	333	181	185	340	338	237	223
C4625	4	276	284	124	124	165	163	217	217	158	160	243	217	177	171	333	343	181	183	318	338	235	227
C4627	4	254	282	104	124	165	163	203	203	158	168	217	211	177	171	335	335	185	191	340	318	227	227
C4631	4	248	272	122	132	179	179	209	209	168	168	239	221	177	189	341	337	183	169	318	334	239	235
C4632	4	248	254	130	130	165	163	203	211	164	162	239	239	179	179	333	343	187	187	340	318	237	237
C3939	4	276	276	128	122	167	161	209	203	168	168	217	217	183	183	341	333	181	187	340	340	235	235
C3940	4	264	264	128	122	161	161	209	203	162	168	213	213	177	181	341	331	187	187	318	336	237	237
C3945	4	248	248	130	130	163	163	205	203	162	168	235	235	177	179	335	341	181	185	330	318	239	223
C4520	4	256	256	120	120	155	163	205	211	160	160	205	213	177	181	335	329	183	187	340	326	227	223
C4522	4	282	282	124	124	155	179	205	209	162	168	239	213	183	187	341	333	185	185	318	326	221	227
C3182	4	260	276	130	104	177	163	205	217	164	156	217	211	177	177	327	339	183	187	318	318	221	221
C3189	4	248	276	130	120	163	171	211	207	160	160	233	225	177	183	335	339	187	169	318	318	221	221
C3191	4	276	254	104	122	175	163	211	211	166	160	221	225	177	179	339	339	191	191	340	318	-9	-9
C3196	4	280	268	128	120	177	177	211	207	166	160	217	235	181	183	341	333	183	169	334	350	221	221
C3208	4	254	272	104	104	175	161	203	203	164	156	215	215	177	183	335	341	185	169	318	346	235	235
C3211	4	248	276	104	120	175	161	213	207	166	156	239	217	177	183	341	339	181	183	334	346	239	223
C3212	4	276	254	104	136	161	171	209	215	164	166	229	257	177	183	339	331	185	173	318	318	239	235
C3213	4	280	254	104	124	177	171	203	207	166	156	259	257	181	183	333	339	189	183	330	342	235	243
C3215	4	278	262	130	122	179	179	207	207	166	166	217	237	177	181	333	333	189	187	326	326	227	223
C3217	4	248	276	130	124	177	177	203	207	166	156	239	217	181	191	333	329	183	169	316	316	221	239
C3225	4	248	278	136	134	177	155	-9	-9	166	160	213	259	177	183	339	339	187	169	316	338	239	235
C3226	4	280	254	130	104	177	155	203	203	158	166	213	241	177	183	341	339	191	169	318	338	239	239
C3238	4	248	248	104	124	-9	-9	203	207	160	156	217	217	177	183	335	341	189	187	318	334	221	227
C3239	4	248	254	136	158	155	163	203	211	166	166	217	213	183	187	333	339	185	191	340	316	221	221
C3269	4	272	278	128	122	163	171	203	217	166	166	205	233	181	183	-9	-9	191	169	-9	-9	237	237
C3273	4	282	272	124	128	175	171	203	207	166	166	205	259	177	183	341	339	181	169	318	318	221	221
C3274	4	252	246	104	134	163	161	203	207	156	156	215	229	177	183	341	333	187	169	316	334	239	239
C3354	4	276	256	104	124	175	163	211	207	166	166	217	245	177	179	341	333	189	189	318	342	221	221
C3361	4	254	256	122	122	161	161	211	207	160	156	239	213	177	183	333	339	181	189	340	334	239	235
C3289	4	280	282	104	104	163	171	203	203	166	160	213	213	183	170	333	333	187	187	340	344	221	221
C3169	4	254	278	128	128	177	177	209	207	166	160	217	217	177	170	341	333	181	187	340	340	221	237
C3199	4	282	272	124	122	175	163	-9	-9	168	166	215	245	177	170	341	333	185	191	340	318	221	235
C3224	4	280	268	130	122	163	163	205	205	160	160	239	213	183	183	333	339	187	169	326	334	239	239
C3261	4	-9	-9	128	128	-9	-9	203	203	166	160	217	213	179	179	341	341	189	187	318	318	221	221
C3320	4	256	278	124	128	177	161	203	207	166	160	217	235	170	179	327	333	181	189	338	350	221	237
C4151	5	248	248	130	122	163	179	203	211	158	168	235	235	177	187	341	341	189	183	316	338	221	239
C4152	5	248	248	130	122	159	163	209	203	158	168	233	233	183	187	333	343	183	191	336	336	221	239
C4153	5	248	256	104	122	177	163	207	207	158	158	235	235	181	187	333	343	183	191	334	334	239	239
C4154	5	248	280	120	120	163	179	205	205	158	168	235	213	183	187	-9	-9	183	169	-9	-9	221	239
C4157	5	248	248	128	128	175	163	201	201	158	168	215	235	183	179	333	333	181	181	326	336	221	227
C4158	5	248	256	130	104	159	163	203	203	162	168	217	233	183	183	341	333	189	189	338	338	221	221
C4163	5	248	276	122	122	159	179	205	205	168	168	233	213	183	187	335	343	181	191	318	338	221	239
C4165	5	276	282	130	136	171	171	203	211	168	168	221	221	187	175	327	331	175	175	340	318	239	235
C4248	5	-9	-9	130	130	177	163	205	203	166	160	217	217	183	183	327	339	181	181	330	318	221	229
C4371	5	258	258	122	122	177	177	203	207	166	160	233	233	183	189	335	335	181	183	318	318	-9	-9
C3936	5	276	276	104	128	159	163	203	207	158	162	217	217	177	187	335	335	181	187	330	318	235	235
C3937	5	248	254	130	124	163	163	203	203	162	168	213	213	177	177	343	331	189	189	340	318	237	237
C3944	5	248	248	128	122	165	179	205	211	158	168	239	239	177	170	341	333	185	191	340	318	235	235
C3954	5	254	272	124	128	177	177	205	203	160	160	239	217	177	183	327	343	181	169	318	318	227	237
C3955	5	276	276	104	124	177	177	213	207	162	162	239	239	177	183	-9	-9	181	181	330	340	235	241
C3961	5	278	278	130	104	163	163	203	217	168	168	231	231	177	179	335	343	189	183	318	318	239	239
C3974	5	254	254	104	124	159	163	205	203	158	162	217	217	181	179	327	343	181	169	326	334	237	237
C4024	5	248	248	128	128	155	163	219	207	158	162	231	231	177	187	335	341	185	185	326	336	239	235
C4025	5	248	248	104	128	159	179	209	219	164	162	239	211	187	193	335	341	191	169	340	340	237	237
C4028	5	282	282	124	124	163	163	203	217	158	162	213	221	177	187	343	329	183	187	318	338	235	227
C4032	5	248	258	104	128	165	177	-9	-9	166	160	217	217	183	183	-9	-9	181	169	340	340	237	237
C4033	5	-9	-9	130	104	175	163	-9	-9	166	160	239	211	177	179	333	333	169	169	318	318	239	239
C4034	5	256	256	104	122	165	155	205	203	166	166	215	215	183	179	327	329	189	169	340	318	239	235
C4041	5	-9	-9	104	122	167	163	205	203	158	166	221	221	183	189	333	339	187	187	316	316	221	239
C4043	5	248	258	122	122	177	173	211	207	158	158	239	217	177	177	-9	-9	183	191	340	318	221	239
C4044	5	254	254	130	122	173	169	-9	-9	158	166	239	217	177	187	341	329	183	183	330	318	235	235
C4045	5	-9	-9	122	122	177	159	211	207	158	166	235	221	177	187	341	333	169	169	318	326	221	239
C4046	5	248	248	122	122	165	177	-9	-9	166	166	239	215	177	189	333	333	189	189	318	326	237	237
C4047	5	274	274	130	122	177	163	203	207	158	164	213	213	183	187	339	339	187	169	318	318	221	235
C4048	5	274	274	104	122	165	175	-9	-9	158	166	239	239	183	189	333	339	183	169	340	313	221	221
C4055	5	248	276	126	122	165	165	203	211	160	160	215	229	177	187	-9	-9	183	169	318	336	239	235
C4057	5	276	256	126	126	165	177	219	211	158	166	213	223	177	181	-9	-9	183	191	318	318	-9	-9
C4059	5	248	276	128	122	163	157	203	211	166	169	239	215	177	177	333	339	189	169	336	336	221	239
C4060	5	248	248	126	136	165	171	203	211	160	160	213	213	181	181	-9	-9	187	187	340	318	237	237
C4064	5	248	248	124	128	177	163	211	211	160	160	229	209	177	183	-9	-9	185	193	318	344	227	227
C4067	5	260	260	130	122	165	175	211	207	166	166	239	213	187	185	327	339	191	169	340	340	221	239
C4068	5	-9	-9	104	120	159	171	207	217	160	156	217	211	177	170	327	333	183	187	340	334	221	221
C4070	5	260	260	104	122	165	165	203	203	164	164	239	221	177	189	333	339	189	189	-9	-9	221	239
C4075	5	-9	-9	104	124	165	155	207	207	158	166	213	193	177	177	341	329	185	169	-9	-9	221	239
C4081	5	248	256	124	124	177	155	203	207	166	160	221	221	177	177	-9	-9	169	169	318	318	221	239
C4082	5	260	272	130	122	177	163	203	207	166	160	213	213	177	177	335	343	183	187	318	318	239	223
C4083	5	258	276	122	132	155	163	205	211	166	166	235	221	187	185	341	333	183	169	330	318	221	237
C4086	5	276	256	124	124	159	163	203	207	166	160	225	225	183	187	333	343	183	187	340	318	221	239
C4088	5	248	248	124	124	175	175	207	207	160	160	233	233	-9	-9	341	333	189	169	344	334	227	237
C4092	5	258	258	104	124	159	163	209	203	158	166	239	225	183	179	335	335	183	183	318	326	239	239
C4099	5	254	254	104	124	-9	-9	203	203	160	160	221	221	183	183	327	333	187	187	318	318	235	235
C4104	5	276	254	126	104	159	163	203	203	158	158	213	213	183	187	341	337	187	187	318	344	221	239
C4108	5	248	268	128	128	167	163	203	207	166	160	229	229	-9	-9	-9	-9	169	169	334	334	223	223
C4118	5	256	256	128	134	159	159	205	205	160	160	221	225	177	187	335	335	189	169	340	326	221	221
C4131	5	248	276	124	124	175	163	207	207	168	168	225	225	177	185	335	335	189	189	318	336	221	239
C4133	5	280	264	104	128	177	177	205	211	160	160	229	223	177	183	333	333	189	185	318	318	221	239
C4135	5	280	276	126	126	163	171	209	211	158	162	235	235	177	183	341	333	181	185	318	318	239	239
C4136	5	254	254	122	122	159	163	205	205	168	168	247	247	177	177	341	341	169	169	336	346	235	235
C4137	5	276	256	130	124	159	163	209	217	158	162	215	225	177	183	-9	-9	189	185	318	336	221	221
C4139	5	276	276	128	120	155	179	203	203	158	162	217	229	177	187	341	341	183	169	316	336	239	239
C4140	5	280	280	128	128	155	179	203	211	162	162	213	223	183	183	341	333	183	169	318	318	-9	-9
C4167	5	248	254	122	132	165	159	203	211	158	168	205	205	185	170	333	333	169	193	318	336	235	237
C4236	5	248	248	124	124	177	159	205	211	166	160	235	237	183	179	333	333	183	191	318	336	235	237
C4237	5	248	254	128	122	159	167	211	199	164	166	205	205	177	187	327	333	191	169	340	340	237	229
C4238	5	248	256	128	122	165	175	203	217	164	160	239	239	183	170	339	331	189	187	340	340	235	241
C4241	5	248	256	128	122	159	163	203	219	158	160	211	211	181	179	339	339	185	183	334	342	221	239
C4247	5	-9	-9	128	128	163	163	203	211	158	166	223	223	177	183	333	339	189	191	344	338	239	227
C4257	5	248	248	124	122	165	177	203	207	166	160	217	217	177	193	341	333	187	187	326	334	221	235
C4383	5	254	254	128	128	177	177	203	199	158	164	215	215	179	189	335	343	183	187	340	318	235	235
C4397	5	248	248	104	128	159	159	205	201	166	160	205	205	177	179	-9	-9	181	183	318	318	239	239
C4514	5	258	280	130	104	179	179	211	207	168	160	215	223	177	177	335	341	181	185	318	318	239	235
C4519	5	254	282	104	136	171	179	205	205	169	169	239	217	177	181	331	331	187	187	318	336	239	223
C4527	5	282	274	130	128	179	179	203	203	166	160	239	211	187	179	335	341	185	187	340	318	235	235
C4534	5	282	282	124	122	167	163	203	207	158	160	231	231	179	179	335	341	183	191	340	334	221	239
C4699	5	248	276	124	122	165	159	203	203	158	168	239	219	187	185	333	331	189	169	340	318	227	227
C1541	5	276	276	130	122	177	163	-9	-9	160	152	239	255	183	179	341	339	181	169	340	346	239	235
C1542	5	276	278	124	122	177	163	203	207	166	152	-9	-9	179	179	333	339	187	169	340	340	239	235
C1544	5	290	282	130	128	177	177	207	207	158	166	205	241	179	179	333	339	185	185	344	334	239	237
C1547	5	248	248	104	124	165	155	207	217	166	160	241	231	177	185	333	339	169	169	340	334	-9	-9
C1553	5	248	286	130	122	155	163	203	207	162	162	-9	-9	187	193	341	329	189	183	328	342	235	227
C1555	5	276	286	130	128	177	163	219	217	158	160	233	209	177	177	339	339	185	187	318	336	-9	-9
C1557	5	248	276	130	128	177	163	207	217	158	166	215	233	177	193	333	339	181	183	318	336	239	235
C1560	5	248	286	130	128	177	163	203	217	160	160	239	259	177	185	333	333	181	183	336	328	239	235
C1565	5	248	282	130	120	177	161	203	207	158	166	221	227	177	179	341	327	185	183	318	342	235	237
C1567	5	248	278	130	124	177	163	203	219	158	160	215	221	177	185	333	339	185	183	318	328	239	235
C1569	5	248	282	128	122	177	163	219	207	158	166	211	215	181	193	333	333	181	185	318	318	235	235
C1571	5	282	274	130	130	177	163	209	207	158	166	239	233	177	187	339	329	183	169	328	334	239	239
C1576	5	248	254	104	124	159	175	205	203	158	166	241	221	181	187	333	333	189	183	340	334	221	237
C1577	5	248	280	130	124	165	177	205	203	166	166	-9	-9	177	181	333	333	191	169	340	334	235	227
C1579	5	280	282	130	124	165	175	205	217	166	160	215	241	177	179	333	333	181	169	326	342	221	221
C3990	6	248	248	104	120	163	163	203	203	162	168	239	215	183	170	343	343	169	169	330	340	239	239
C3991	6	254	254	124	124	171	179	203	211	158	168	215	229	177	183	341	327	169	173	340	340	221	239
C3992	6	272	272	104	122	155	171	203	203	158	162	229	229	177	170	343	343	187	173	318	318	221	239
C3994	6	254	254	104	136	175	175	203	203	164	166	213	225	177	187	335	337	185	173	318	318	221	235
C4172	6	254	278	104	122	163	171	209	203	162	168	233	233	185	185	327	343	189	193	326	338	221	235
C4173	6	276	276	130	104	163	163	209	209	168	168	239	211	185	193	-9	-9	181	169	340	340	233	233
C4232	6	276	276	104	106	177	177	203	203	166	160	-9	-9	183	170	341	339	189	183	340	326	235	235
C4234	6	-9	-9	104	104	177	163	203	207	166	160	225	225	183	170	341	333	181	189	318	326	239	235
C4259	6	276	276	130	128	175	175	205	203	158	166	221	221	177	177	333	339	191	169	318	318	221	239
C4260	6	276	276	104	122	175	163	203	213	166	160	213	213	177	179	341	341	185	187	330	340	221	237
C4261	6	-9	-9	122	122	165	163	203	203	166	166	213	213	187	193	333	331	185	193	340	334	223	223
C4262	6	248	248	130	124	165	155	217	217	158	160	239	239	185	170	333	331	183	173	326	336	221	239
C4263	6	248	248	130	132	177	163	207	207	166	160	215	215	183	187	341	339	189	169	318	336	239	239
C4267	6	-9	-9	130	104	177	177	211	207	166	160	215	215	187	170	341	341	169	179	318	318	221	237
C4269	6	248	248	122	122	175	175	205	203	158	160	213	213	183	187	337	331	183	183	318	318	239	235
C4272	6	248	248	128	134	177	159	205	209	160	160	239	239	183	187	333	339	185	183	318	316	221	221
C4274	6	256	256	122	122	177	155	215	215	160	160	217	221	181	187	327	333	181	187	318	336	235	235
C4276	6	262	262	104	104	163	163	215	215	166	160	-9	-9	183	187	333	339	189	169	326	316	235	235
C4278	6	248	256	128	122	159	171	211	213	166	160	223	223	183	187	341	331	181	181	340	326	239	239
C4280	6	248	254	130	122	161	171	205	203	166	166	213	213	181	185	341	333	181	169	318	318	239	237
C4281	6	248	248	122	106	165	163	203	219	158	160	221	221	177	170	333	333	189	169	318	318	235	235
C4282	6	248	274	128	120	159	157	203	199	166	160	217	227	183	179	327	327	189	183	318	318	221	235
C4284	6	248	248	104	128	177	159	203	203	158	166	217	217	177	183	-9	-9	189	183	318	318	239	237
C4286	6	248	254	104	106	167	161	203	211	158	164	-9	-9	177	177	341	333	189	183	326	326	239	235
C4287	6	248	258	104	128	161	161	205	203	158	166	213	213	177	177	333	331	189	183	340	326	239	235
C4290	6	272	262	122	120	165	163	207	207	166	160	215	215	177	185	333	329	183	179	316	316	237	237
C4307	6	254	264	104	104	165	171	205	195	166	160	-9	-9	177	177	-9	-9	189	185	330	330	239	239
C4310	6	272	272	130	120	175	155	219	217	164	160	217	217	177	170	339	339	185	187	318	316	-9	-9
C4311	6	276	276	120	120	165	155	203	219	160	160	-9	-9	181	185	333	333	185	187	-9	-9	221	227
C4312	6	262	262	128	120	177	177	203	219	164	166	217	217	183	170	333	333	181	185	330	330	239	243
C4314	6	248	266	104	106	175	175	219	211	160	160	215	225	177	183	333	333	189	187	330	334	239	237
C4318	6	248	258	128	128	163	179	203	203	158	160	-9	-9	177	179	339	339	181	183	332	332	221	221
C4321	6	248	254	104	104	163	171	205	217	164	160	213	231	183	170	-9	-9	185	187	326	326	221	237
C4324	6	256	256	104	122	177	163	205	205	166	160	239	239	177	183	335	341	181	169	318	316	227	233
C4334	6	258	254	124	128	177	177	205	217	164	160	223	231	187	170	335	335	185	183	330	318	239	239
C4529	6	280	254	128	106	163	179	207	207	166	160	225	237	183	183	335	335	183	187	318	318	239	235
C1582	6	282	262	104	122	155	163	205	203	158	166	239	221	177	183	-9	-9	181	185	340	318	235	237
C1583	6	248	282	122	156	163	171	203	211	166	166	217	259	177	171	339	329	189	169	330	340	239	237
C1584	6	282	272	130	128	163	163	205	217	166	160	-9	-9	183	183	341	333	181	169	318	328	239	237
C1585	6	282	272	126	124	175	163	205	217	160	160	217	223	177	183	335	333	181	169	340	318	239	239
C1586	6	280	282	128	156	163	163	203	217	166	160	215	223	183	189	341	337	181	185	318	316	239	227
C1589	6	248	248	104	120	165	175	203	217	158	160	217	217	177	183	333	333	185	183	340	340	235	237
C1591	6	248	258	128	128	177	163	203	211	166	160	239	213	177	183	343	329	185	169	340	340	221	235
C1592	6	248	280	124	156	177	155	205	211	160	160	215	213	177	183	333	339	183	173	340	332	239	235
C1594	6	258	262	120	156	177	175	203	211	164	166	215	215	177	181	341	333	185	187	340	340	227	237
C1597	6	276	272	120	120	177	163	203	207	158	166	239	221	183	187	-9	-9	185	187	334	342	235	235
C1598	6	248	280	104	120	177	163	203	217	160	160	-9	-9	177	183	335	333	185	183	338	338	227	237
C1599	6	280	280	104	124	177	163	205	203	166	160	213	259	183	183	335	339	183	183	326	332	221	237
C1601	6	248	276	130	104	155	163	203	207	158	166	217	215	177	185	333	333	181	185	340	338	239	229
C1605	6	254	272	122	140	163	171	209	211	160	160	217	213	177	187	335	327	189	183	318	316	221	221
C1609	6	280	282	126	120	177	163	211	217	166	160	213	223	183	183	333	343	181	183	340	318	237	237
C1610	6	280	276	130	124	177	175	205	207	166	166	235	213	183	171	333	339	183	169	332	334	235	237
C1611	6	248	260	104	122	165	165	203	203	166	160	215	259	177	179	327	333	189	191	348	350	221	221
C1612	6	260	280	130	122	165	175	203	207	166	160	235	259	177	177	333	339	189	169	336	350	239	239
C1613	6	248	276	104	124	165	163	203	207	160	160	239	215	177	179	333	339	191	191	340	350	237	237
C3173	6	248	276	128	122	-9	-9	205	199	166	160	253	257	177	183	341	333	189	169	340	318	239	235
C3204	6	276	286	130	124	163	179	207	207	166	156	217	237	181	181	327	333	181	185	340	318	221	221
C3223	6	254	254	124	128	161	161	209	203	166	166	217	259	187	179	341	327	187	191	-9	-9	221	221
C3262	6	248	278	104	156	175	163	219	199	166	166	217	235	183	170	327	333	189	169	316	338	221	221
C3270	6	276	254	128	122	155	163	205	207	164	166	235	213	177	183	339	331	181	169	340	318	239	239
C3300	6	276	254	126	124	177	163	205	203	162	160	217	235	181	170	335	327	185	183	340	340	221	221
C3330	6	248	248	104	120	177	159	211	197	160	160	217	213	177	170	341	341	187	169	318	316	235	237
C3390	6	248	248	126	124	175	155	203	207	166	160	217	235	183	170	327	331	189	185	-9	-9	221	221
C3424	6	248	276	104	128	175	181	-9	-9	166	156	235	225	183	187	333	329	181	187	318	336	235	235
C3958	6	248	248	130	104	177	171	203	217	162	168	211	211	177	183	335	335	181	169	318	318	235	235
C3962	6	256	256	104	134	179	179	205	203	162	168	217	217	177	187	327	343	181	181	340	318	239	239
C4019	6	260	280	104	140	159	163	199	201	162	162	215	215	187	185	327	333	181	187	318	318	235	235
C3995	6	-9	-9	104	104	-9	-9	203	203	158	168	215	215	187	179	335	341	183	169	330	340	221	239
C4000	6	248	276	104	136	155	181	203	199	158	162	239	233	181	189	341	333	187	191	340	318	239	223
C4002	6	248	276	130	104	163	179	205	203	158	168	233	213	183	179	333	333	189	183	330	344	239	235
C1692	7	254	252	104	140	165	167	203	207	168	160	233	233	171	179	335	341	189	183	318	318	221	235
C1693	7	254	256	130	104	171	179	209	209	166	160	235	225	177	177	333	333	191	191	316	342	221	235
C1694	7	248	290	130	104	165	169	209	207	168	160	225	225	183	179	333	333	183	191	316	334	221	221
C1698	7	248	258	124	128	163	183	211	199	166	160	243	225	171	179	333	333	183	191	330	318	235	229
C1699	7	256	282	128	128	165	175	209	213	158	158	219	225	177	171	337	331	183	169	340	356	227	227
C1700	7	248	256	130	128	159	171	203	207	162	160	215	257	177	177	333	331	183	187	330	318	221	235
C1701	7	270	252	124	122	161	171	205	207	166	160	215	215	177	171	327	337	181	193	318	332	221	237
C1702	7	260	252	104	128	175	161	209	199	158	160	243	235	171	189	341	333	183	193	330	338	221	229
C1703	7	248	256	124	128	163	163	205	207	164	166	219	217	177	185	335	337	183	193	344	320	235	235
C1704	7	256	286	130	124	163	163	205	203	158	160	217	225	179	169	335	333	183	191	318	318	235	237
C1705	7	248	260	104	104	167	155	209	211	158	168	205	219	177	185	335	331	187	191	340	316	235	235
C1706	7	248	254	124	122	165	171	207	207	166	160	217	233	171	191	327	337	187	187	316	332	221	227
C1707	7	250	252	128	122	165	177	207	199	164	169	205	259	177	177	333	339	183	183	318	326	221	235
C1708	7	258	254	120	132	165	169	209	211	158	160	233	223	185	171	333	333	181	191	318	348	229	243
C1709	7	248	260	104	124	175	169	209	203	164	166	233	233	179	189	335	341	187	191	330	318	235	235
C1710	7	258	252	124	132	159	161	203	207	166	166	233	229	171	189	333	339	181	185	330	318	235	229
C1712	7	248	260	104	134	161	179	205	207	158	158	219	229	179	189	339	331	169	169	330	330	235	235
C1714	7	260	256	128	132	163	171	205	209	164	160	219	215	183	189	335	337	183	169	330	318	221	221
C1715	7	248	252	130	128	167	155	213	217	166	160	205	213	185	171	333	337	189	169	318	328	235	227
C1717	7	256	252	130	128	155	161	203	203	166	160	217	253	183	185	333	333	191	191	328	328	221	235
C1718	7	-9	-9	-9	-9	167	155	203	217	166	160	253	221	187	173	333	333	191	169	336	320	235	237
C1719	7	248	276	130	104	159	169	209	203	158	166	239	221	177	179	333	331	183	173	330	334	221	235
C1656	8	254	268	124	124	165	171	207	207	158	162	205	213	177	177	337	337	183	169	338	338	235	229
C1657	8	276	268	104	104	175	163	-9	-9	166	166	-9	-9	171	189	335	337	183	169	330	330	235	227
C1658	8	268	266	104	124	173	173	207	199	162	166	243	233	177	171	333	333	183	183	330	318	235	235
C1659	8	252	262	104	124	175	161	203	215	166	166	205	213	177	179	335	339	169	169	330	318	235	241
C1661	8	248	266	104	128	165	177	203	207	164	160	-9	-9	177	189	333	337	169	169	328	338	229	251
C1665	8	276	274	122	120	165	173	211	207	158	160	243	229	171	179	333	337	169	169	330	340	221	235
C1667	8	260	260	130	124	171	173	-9	-9	166	160	215	227	179	189	337	331	187	191	330	316	235	233
C1676	8	248	274	130	124	165	161	207	217	162	166	-9	-9	177	191	333	337	183	169	318	338	235	235
C1681	8	256	268	130	124	165	163	-9	-9	166	166	243	205	177	185	333	337	183	169	318	318	235	237
C1682	8	248	254	130	128	165	155	211	207	158	166	213	231	189	191	335	333	183	183	316	338	227	223
C1685	8	276	274	130	128	165	161	203	217	162	160	213	213	191	173	333	337	183	169	318	338	227	229
C4707	9	248	278	122	136	161	171	207	217	158	171	239	207	177	177	337	331	193	193	318	318	237	223
C4747	9	260	260	128	132	163	161	209	203	164	169	239	239	183	187	335	333	187	169	340	316	235	225
C4772	9	248	280	128	122	155	161	211	207	158	168	239	215	181	171	341	333	183	187	318	334	221	237
C4781	9	250	250	128	116	163	185	209	219	164	168	221	221	181	183	337	331	183	169	318	318	221	235
C4782	9	254	254	124	120	165	155	207	207	158	160	233	221	185	185	333	333	181	181	318	318	235	237
C4787	9	272	286	104	124	163	163	205	209	158	160	211	235	181	171	335	335	187	169	330	318	235	237
C4790	9	260	274	130	128	155	179	203	201	162	168	223	223	187	189	333	337	183	183	318	316	221	227
C4803	9	248	276	124	122	155	171	209	207	168	160	217	217	181	185	333	333	187	191	316	320	221	235
C4813	9	260	252	104	104	161	179	211	199	162	168	217	211	177	185	341	333	187	169	340	338	221	239
C4837	9	248	252	128	150	163	161	211	207	162	168	213	213	177	179	333	333	189	187	318	318	235	235
C4838	9	248	272	124	120	167	161	207	199	162	168	243	205	177	183	335	331	191	169	330	326	235	227
C4843	9	260	252	130	104	175	155	207	197	162	168	229	229	170	195	333	337	187	193	330	318	221	227
C4857	9	276	272	104	120	165	155	205	203	164	168	205	205	187	170	335	333	169	169	330	318	221	237
C4828	9	248	276	128	136	159	175	209	207	160	169	213	229	177	191	333	333	183	169	340	334	221	225
C4835	9	248	272	104	124	163	171	203	211	168	169	233	229	187	179	335	343	181	187	318	318	221	221
C4836	9	248	248	104	136	165	175	-9	-9	162	162	211	229	185	171	339	329	191	169	318	318	221	235
C4842	9	270	252	120	134	163	163	203	197	158	168	211	237	177	171	333	343	187	193	330	326	227	227
C4863	9	258	258	150	146	-9	-9	205	207	158	168	245	241	181	185	339	337	183	183	340	326	235	237
C4744	9	270	278	128	120	161	169	209	207	158	162	213	213	193	179	333	339	169	169	330	318	227	227
C4745	9	248	270	128	120	165	171	205	211	168	168	217	235	185	171	339	339	183	169	340	336	221	229
C4768	9	248	270	128	122	165	161	211	207	164	168	215	215	179	189	335	331	185	185	318	318	235	235
C4769	9	248	272	104	124	165	159	203	207	168	169	215	221	185	171	335	337	189	169	330	330	221	227
C4771	9	248	276	130	124	159	167	207	199	164	171	221	237	185	185	335	333	183	187	318	318	235	235
C4784	9	248	254	128	136	171	179	205	207	168	160	215	227	187	187	335	333	181	183	330	330	235	235
C4785	9	276	254	136	132	165	163	207	199	160	154	205	227	187	191	341	333	183	173	330	318	221	235
C4795	9	256	264	130	104	165	185	219	219	166	160	219	213	183	185	331	329	167	167	318	318	221	235
C4796	9	276	256	130	124	161	161	203	199	158	160	221	209	171	189	333	331	187	169	318	318	235	237
C4800	9	254	252	104	124	159	173	207	199	162	168	235	235	181	193	335	335	197	179	336	336	221	235
C4801	9	248	264	128	128	163	163	211	217	164	168	215	223	177	171	341	343	183	169	330	336	227	227
C4802	9	248	256	128	122	177	163	205	207	160	160	225	225	187	171	333	343	181	183	330	318	221	235
C4805	9	248	260	124	134	159	159	203	199	158	162	215	215	183	185	333	333	187	187	330	344	235	237
C4806	9	262	262	122	134	159	159	207	217	164	168	217	229	171	171	333	331	181	169	318	334	235	235
C4850	9	256	270	130	104	167	181	211	217	158	168	245	221	183	170	341	331	187	169	318	338	221	229
C4748	10	254	262	124	128	175	163	209	207	168	169	233	233	187	187	339	337	167	167	318	318	227	227
C4753	10	260	256	128	120	165	165	199	199	158	162	225	225	187	185	341	327	169	169	318	336	235	237
C4754	10	248	252	128	122	163	163	205	203	168	171	215	209	171	189	341	337	189	169	318	318	235	237
C4760	10	276	256	104	104	163	187	205	205	171	169	217	217	187	185	333	333	189	187	318	318	235	237
C4761	10	248	262	130	132	159	171	207	199	162	168	217	223	177	183	333	343	191	169	330	338	237	237
C4762	10	268	268	104	104	165	165	203	207	168	168	239	219	187	171	335	335	183	187	318	318	235	235
C4791	10	248	248	104	124	167	167	207	217	162	168	215	229	171	179	335	343	183	169	340	318	235	245
C4810	10	252	272	122	136	165	175	207	199	166	160	233	233	177	189	327	333	185	187	340	340	235	237
C4812	10	248	262	130	130	167	167	203	207	164	168	225	237	183	187	333	333	187	169	318	336	235	235
C4821	10	248	262	104	120	165	171	205	207	168	171	233	233	177	177	341	337	183	187	336	336	225	225
C4864	10	248	282	130	120	159	179	203	211	168	171	205	205	177	179	333	333	187	169	318	326	235	235
C4866	10	254	262	130	130	165	159	209	207	168	169	237	237	181	183	333	331	169	169	334	334	227	227
C1722	10	256	262	130	124	155	163	205	207	166	160	221	229	177	177	333	339	187	169	330	318	235	227
C1724	10	248	252	104	124	165	167	207	207	168	169	215	225	187	171	339	343	189	187	344	356	221	235
C1725	10	248	276	124	122	167	171	209	207	158	166	259	225	187	169	333	339	187	169	330	344	227	227
C1726	10	248	252	128	120	165	167	209	207	158	169	211	215	187	171	335	329	189	187	318	356	231	231
C1731	10	260	262	122	120	165	161	205	203	168	166	217	229	177	171	327	337	183	187	330	340	227	227
C1733	10	252	262	130	130	163	171	207	215	158	166	233	233	177	183	-9	-9	183	177	340	326	221	235
C1734	10	276	252	104	122	165	163	209	203	164	160	235	247	185	185	333	333	187	187	330	318	235	223
C1735	10	284	252	130	115	167	161	209	199	166	166	203	223	171	179	341	333	187	169	340	326	221	221
C1738	10	276	268	130	106	161	161	203	207	158	169	235	247	183	171	333	343	183	183	326	334	235	241
C1740	10	248	248	122	122	171	171	213	207	166	166	229	237	177	171	341	333	181	183	330	326	-9	-9
C1741	10	248	258	128	128	167	155	209	203	162	169	229	227	183	183	341	333	169	169	330	318	221	221
C1742	10	280	276	130	122	163	173	211	201	158	164	215	247	181	185	333	339	183	187	318	358	235	223
C1743	10	260	272	104	120	163	163	203	211	164	166	229	231	187	189	333	339	183	191	340	318	221	223
C1745	10	258	252	130	128	165	171	203	203	166	160	235	233	171	171	337	331	169	177	316	354	239	227
C1746	10	248	260	130	128	165	163	203	211	164	169	205	229	177	189	333	339	183	187	318	318	227	223
C1747	10	254	272	128	136	165	163	203	207	160	160	221	221	187	169	335	327	187	169	318	316	221	227
C4742	10	248	256	130	104	175	163	203	207	168	168	-9	-9	171	179	341	333	191	169	318	338	235	235
C4752	10	248	254	128	136	155	163	209	203	168	168	217	217	181	187	339	343	189	189	330	334	221	227
C4792	10	248	250	122	119	155	171	211	211	164	168	213	213	181	183	333	333	183	187	340	318	235	227
C4811	10	276	276	104	128	165	165	209	207	164	168	233	233	183	185	341	343	185	187	318	336	235	235
C4814	10	276	252	122	136	155	163	203	211	168	173	211	237	177	185	335	331	169	179	318	318	221	221
C4815	10	256	272	104	116	155	163	209	203	166	160	243	235	185	179	333	343	187	169	318	318	221	237
C4818	10	248	248	130	104	159	163	209	207	164	168	213	213	177	177	339	339	183	169	340	326	235	227
C4819	10	248	254	104	128	171	171	203	211	164	168	217	211	183	171	333	337	181	189	330	342	227	227
C4826	10	258	272	104	124	161	171	205	207	164	162	233	247	171	179	333	337	183	191	318	318	235	235
C4829	10	256	250	104	120	163	169	205	211	160	160	213	229	171	171	333	333	181	181	340	348	235	235
C4830	10	248	256	104	120	155	163	203	211	164	171	213	213	171	179	327	331	183	169	330	330	235	235
C4831	10	276	250	130	122	175	163	205	217	164	168	205	217	181	183	341	337	181	169	318	344	235	223
C4832	10	260	250	104	124	163	171	207	207	164	168	215	221	183	189	335	341	169	172	334	334	235	235
C4858	10	248	248	124	120	163	179	205	209	164	168	223	223	177	168	335	335	183	193	318	334	237	237
C4757	10	260	272	130	104	163	181	219	207	162	168	213	225	177	177	339	339	183	187	318	318	221	229
C4770	10	248	276	116	120	167	155	207	199	160	169	-9	-9	170	170	335	333	187	187	318	316	221	239
C4808	10	276	256	130	128	159	181	207	221	158	162	215	215	183	185	335	333	187	172	316	336	237	223
C4809	10	248	252	104	124	163	181	207	207	160	171	205	237	181	173	335	333	169	169	318	320	231	231
C4820	10	274	262	124	124	163	163	207	217	162	168	223	223	177	181	327	327	183	169	326	326	221	223
C4824	10	248	260	104	120	163	183	205	207	158	162	243	231	171	171	335	341	187	169	316	316	235	235
C4706	11	252	272	104	120	163	171	203	211	164	164	215	229	185	171	333	337	187	187	330	340	221	235
C4708	11	258	280	104	128	175	161	203	211	164	168	217	217	177	177	341	333	181	167	330	340	239	235
C4709	11	248	254	130	132	165	179	209	207	158	169	231	231	171	189	333	333	181	183	340	316	235	235
C4714	11	256	262	122	122	163	163	211	211	162	168	227	227	181	179	335	337	181	191	326	326	237	237
C4722	11	248	260	130	104	163	163	203	199	158	158	217	215	177	171	341	337	183	183	318	344	235	235
C4726	11	272	272	124	124	163	161	205	211	164	168	239	209	187	187	333	339	185	183	326	334	221	221
C4733	11	248	256	130	124	175	175	211	207	168	168	213	221	177	193	333	331	181	193	318	318	235	235
C4734	11	256	272	122	122	159	155	207	207	168	168	221	221	187	171	341	333	191	169	340	326	235	229
C4737	11	258	254	130	124	165	159	211	211	158	158	211	231	179	189	335	337	183	191	318	316	221	235
C4882	11	248	284	124	124	161	161	209	207	158	171	213	229	177	187	327	327	191	193	318	318	221	235
C4883	11	258	258	130	128	165	163	203	203	168	168	219	227	187	193	335	331	189	191	318	318	235	235
C4702	11	248	278	120	106	159	159	209	203	-9	-9	217	233	177	187	333	337	185	169	348	352	235	229
C4703	11	248	248	130	104	161	179	211	207	158	158	217	215	177	177	327	331	183	177	318	316	221	237
C4727	11	260	254	124	128	165	155	203	207	162	162	215	233	171	171	335	337	189	191	326	334	227	227
C4732	11	260	268	128	128	155	161	209	203	158	168	219	215	185	171	335	333	187	191	318	344	221	239
C4735	11	256	256	128	122	167	161	209	207	158	164	217	233	177	171	335	333	191	197	318	318	221	221
C4736	11	248	278	122	132	179	179	203	207	168	168	215	215	183	185	335	333	191	169	340	318	221	221
C4746	11	280	252	104	124	179	179	211	199	168	168	217	227	185	171	335	339	191	191	348	338	235	237
C4777	11	272	274	130	128	167	161	207	201	166	160	235	221	181	179	333	337	183	183	318	344	221	215
C4846	11	258	280	130	128	165	163	211	197	164	168	233	221	177	183	335	341	189	185	334	346	239	229
C4847	11	248	252	130	130	161	161	211	207	158	168	233	237	171	179	335	341	183	169	330	318	227	223
C4884	11	260	278	126	104	161	173	209	211	162	168	217	221	185	171	335	335	181	169	334	342	235	235
C4705	11	248	252	104	122	165	161	213	217	158	162	205	229	181	185	341	333	187	169	318	316	221	221
C4711	11	248	254	124	128	171	171	207	199	164	168	249	249	171	179	341	337	183	167	316	338	221	239
C4713	11	278	278	104	104	163	171	205	207	158	169	-9	-9	181	193	327	333	183	183	326	338	221	235
C4716	11	256	256	104	124	165	171	211	207	162	168	233	221	177	185	333	333	183	183	318	326	221	221
C4717	11	248	258	122	122	159	159	205	203	162	162	215	215	177	185	335	339	183	183	318	326	227	237
C4719	11	248	256	130	128	163	181	211	201	158	168	225	207	187	179	339	337	191	193	318	326	221	229
C4721	11	248	272	128	122	155	163	203	211	162	168	217	217	183	179	333	339	181	179	330	340	235	235
C4729	11	248	246	104	128	161	181	203	211	168	168	235	229	171	171	333	333	189	191	318	344	221	235
C4730	11	254	238	130	128	165	163	203	203	168	168	215	215	177	185	341	341	183	187	318	344	221	237
C4773	11	248	248	124	122	159	163	211	211	158	168	239	233	185	185	333	333	189	189	340	318	239	227
C4861	11	248	280	130	120	165	161	205	211	164	168	233	207	177	183	333	331	183	169	334	342	229	229
C4890	11	248	248	104	144	163	179	207	217	158	162	235	235	185	193	333	337	169	169	318	316	235	237
C4718	11	248	248	124	128	155	161	205	203	158	168	215	221	171	171	333	333	187	187	318	316	221	237
C4724	11	248	262	124	120	167	179	209	211	164	168	217	233	185	185	341	345	183	187	318	342	227	237
C4738	11	254	272	130	128	165	155	203	207	162	162	215	233	177	187	333	333	181	183	338	338	235	227
C4739	11	248	274	124	124	155	155	207	217	162	171	239	221	177	171	339	339	183	169	340	318	235	227
C4844	11	256	274	130	130	159	167	209	207	164	168	217	235	177	179	341	333	181	189	316	338	235	235
C4845	11	258	254	130	120	163	171	209	203	164	168	215	227	183	185	333	331	183	193	340	326	235	237
C4681	11	276	276	130	128	175	175	217	217	164	164	217	217	177	185	341	333	183	169	318	318	235	235
C4682	11	250	250	128	136	167	155	207	217	169	169	211	221	187	187	333	333	183	191	340	326	221	239
C4683	11	280	282	130	136	163	161	211	211	158	164	239	217	177	191	335	341	183	187	318	316	237	237
C4685	11	248	256	120	120	163	183	203	203	158	168	217	217	187	171	333	333	183	169	318	318	235	237
C4715	11	248	256	104	124	165	161	205	203	168	169	213	213	187	193	333	329	183	191	332	334	235	235
C4725	11	274	274	124	132	163	161	209	199	162	169	213	225	179	189	333	333	169	169	318	326	221	235
C4799	11	248	286	104	122	167	163	203	211	158	162	243	231	177	179	333	339	181	183	318	318	221	221
C4889	11	248	268	130	104	175	179	207	207	162	168	217	233	177	189	343	343	187	169	318	318	-9	-9
C4641	12	282	266	104	128	155	179	207	207	161	167	219	233	185	171	335	341	181	183	315	315	237	237
C4651	12	284	278	130	124	177	163	211	217	158	167	233	237	185	189	333	339	189	187	330	317	235	227
C4657	12	272	278	132	132	163	179	203	211	158	161	240	240	177	185	335	341	183	183	318	315	239	239
C4658	12	258	282	104	104	179	179	207	207	160	167	217	217	187	185	327	337	183	169	326	317	235	235
C4660	12	248	266	124	132	171	179	207	207	160	160	217	217	177	171	333	331	191	169	317	317	239	223
C4665	12	258	272	130	136	163	163	209	209	167	167	225	240	177	177	341	343	169	173	315	317	221	237
C4666	12	252	252	124	136	171	181	209	209	158	167	243	229	181	189	333	333	185	187	332	332	221	221
C4667	12	248	276	130	124	165	161	211	217	167	167	217	217	181	185	333	337	169	173	338	317	221	235
C4668	12	248	248	104	106	165	159	211	207	167	167	243	213	177	171	335	333	183	169	340	317	237	237
C4669	12	248	256	128	122	179	179	211	207	167	167	240	240	177	187	341	333	183	169	334	322	235	233
C4670	12	248	260	130	124	181	181	211	221	158	164	229	229	177	181	335	339	173	173	338	317	235	233
C4671	12	258	256	128	116	163	161	205	211	167	167	213	241	183	171	341	333	189	191	332	325	235	235
C4672	12	248	254	104	124	175	161	211	207	166	160	241	225	187	193	333	333	183	169	317	317	221	235
C4633	13	258	282	104	122	165	163	211	207	161	167	240	240	177	185	333	333	189	195	340	338	221	221
C4635	13	256	278	124	122	163	179	207	207	161	167	215	215	177	185	341	333	169	179	344	338	235	235
C4653	13	248	252	104	122	177	167	207	217	158	161	223	240	177	187	341	329	187	191	340	318	221	241
C4654	13	276	256	104	128	165	175	219	211	167	167	219	240	177	189	333	333	183	183	338	317	235	237
C4675	13	254	268	104	124	165	161	207	207	161	167	243	209	177	177	333	333	187	169	340	317	221	237
C4679	13	254	254	104	124	163	171	211	207	160	160	215	237	187	187	333	347	187	169	344	338	235	235
C4684	13	258	254	130	128	165	177	213	207	160	167	217	217	177	187	335	335	187	169	317	317	221	237
C4686	13	248	282	104	120	163	161	209	203	161	167	221	236	183	187	341	341	187	169	318	317	221	227
C4687	13	248	248	104	104	165	177	211	207	169	161	213	213	177	185	333	339	183	187	340	317	239	233
U1941	14	254	272	124	128	161	173	203	215	160	160	243	245	183	171	341	339	187	187	316	334	221	235
U1942	14	280	282	128	136	165	171	209	219	158	158	213	213	171	189	339	343	183	169	318	354	239	235
U1957	14	-9	-9	104	122	163	179	211	207	166	160	211	225	183	183	333	339	187	169	316	320	221	221
U2016	14	248	284	104	120	165	167	201	201	166	166	221	221	171	189	327	339	183	187	320	320	235	227
U2021	14	248	256	130	128	165	155	209	207	166	160	-9	-9	183	187	341	337	183	169	316	316	223	223
U2022	14	276	256	120	134	167	169	205	207	166	160	233	251	183	179	327	331	183	187	318	334	235	235
U2023	14	248	272	128	134	155	173	205	207	158	164	217	233	171	179	337	331	183	187	318	320	221	221
U2024	14	248	260	124	124	159	171	203	207	162	166	229	251	179	179	333	339	189	191	330	356	239	235
U2025	14	248	248	124	134	161	173	203	211	166	166	-9	-9	187	179	335	333	181	187	326	342	221	249
U2026	14	276	272	124	120	163	171	207	197	158	166	213	201	179	179	341	333	189	183	318	352	235	235
U2027	14	254	256	124	122	175	163	207	199	158	160	205	213	187	179	333	337	187	193	338	342	231	237
U2028	14	260	280	124	132	161	171	207	217	158	164	229	207	179	189	339	339	169	169	318	358	221	249
U2029	14	280	256	130	104	161	169	205	211	164	164	217	251	185	189	327	337	183	187	344	338	237	237
U2030	14	248	260	130	134	159	161	205	207	164	166	233	221	171	179	339	339	169	169	340	320	235	233
U2031	14	260	266	130	124	165	161	203	217	158	166	215	221	171	171	333	339	187	169	320	338	221	235
U1943	14	276	256	128	128	163	179	205	199	164	166	219	223	187	179	335	337	183	191	330	334	221	221
U1944	14	276	254	104	128	155	161	211	199	166	160	219	215	187	185	335	337	183	169	330	340	221	235
U1945	14	254	274	130	124	165	163	209	211	166	166	213	257	171	191	335	337	181	169	330	334	235	235
U1946	14	248	256	104	128	165	159	207	199	166	160	215	229	177	185	333	337	183	187	340	318	221	227
U1947	14	248	280	104	120	167	167	207	199	164	166	239	211	179	189	339	331	187	169	318	320	223	223
U1948	14	248	248	104	140	163	173	205	199	158	166	239	235	183	179	341	327	191	169	318	352	241	241
U1949	14	256	266	104	134	155	163	207	199	164	166	235	237	177	171	327	339	181	183	330	316	235	227
U1955	14	280	252	130	124	175	163	203	207	164	166	239	235	177	189	339	339	187	169	328	338	221	221
U2005	14	258	260	130	128	163	171	213	197	166	166	259	227	183	179	335	339	183	187	334	352	221	221
U2006	14	248	288	104	146	165	163	203	213	166	160	215	225	185	171	339	339	187	169	318	316	235	229
U2007	14	258	256	124	146	165	161	203	203	166	166	235	225	187	179	339	339	187	187	318	328	221	235
U2008	14	258	252	120	146	161	161	209	213	166	160	217	231	181	171	333	339	187	169	318	352	229	229
U2010	14	258	288	104	120	161	171	-9	-9	166	166	217	213	183	189	333	333	181	183	316	336	235	235
U2011	14	272	278	124	124	167	161	209	207	166	166	221	229	177	183	327	339	187	187	318	318	235	229
U2012	14	248	256	130	120	165	167	209	217	166	160	217	223	171	171	333	339	183	187	326	334	235	245
U2014	14	248	248	128	122	155	161	211	199	168	160	217	217	185	179	333	331	187	169	316	332	235	251
U2702	14	248	260	128	132	163	179	203	219	166	160	217	265	187	189	339	337	191	193	318	326	221	233
U2703	14	254	286	130	122	165	179	203	207	168	160	217	223	179	179	337	337	169	193	316	316	221	233
U2704	14	256	256	104	120	165	163	209	207	164	166	203	225	187	187	341	339	181	187	340	318	221	221
U2706	14	258	270	104	122	161	171	-9	-9	164	160	-9	-9	177	171	333	337	169	177	318	344	221	237
U2707	14	248	248	104	115	165	159	207	207	164	160	219	227	171	171	333	333	183	187	330	318	237	237
U2708	14	248	248	124	132	167	161	209	217	158	164	217	251	177	171	327	333	169	169	318	338	235	225
U2698	14	248	264	104	122	165	159	205	211	160	160	215	229	183	171	333	339	181	183	318	326	235	235
U2700	14	258	274	130	120	167	161	203	211	158	166	215	261	171	173	341	333	187	191	318	334	221	235
U1924	14	248	278	130	104	163	161	207	207	168	166	215	257	183	195	327	339	183	197	326	344	235	237
U1930	14	248	254	124	124	163	171	207	207	166	166	205	253	183	171	343	331	183	187	340	316	237	241
U1931	14	248	254	104	124	159	171	203	207	168	166	217	257	171	171	333	343	181	183	318	316	221	235
U1933	14	248	248	124	124	167	161	203	199	158	166	231	257	177	171	343	343	183	169	318	328	237	223
U1934	14	248	286	120	120	177	161	203	217	158	166	243	213	187	185	339	339	183	177	330	318	221	227
U1935	14	276	282	104	128	167	161	203	217	166	166	205	257	185	185	333	333	187	191	318	316	221	227
U1936	14	280	254	104	124	163	161	207	207	158	166	231	257	171	171	335	331	187	173	318	338	-9	-9
U1938	14	260	280	104	128	167	163	211	207	158	168	255	231	171	171	333	343	181	187	318	318	235	229
U1939	14	248	280	128	122	163	171	207	201	158	160	217	207	187	171	341	343	189	169	318	326	221	221
U1950	14	256	256	115	115	171	171	207	201	168	166	217	215	181	185	333	329	187	169	340	326	235	227
U1951	14	280	256	124	136	165	163	207	217	158	166	211	229	179	189	333	331	169	175	318	318	221	227
U1953	14	278	262	124	124	175	169	207	207	166	160	221	237	185	171	333	339	183	169	318	318	221	235
U1954	14	256	262	130	124	163	161	203	207	166	166	229	229	185	171	335	331	169	169	316	320	221	223
U2044	14	248	254	128	134	171	171	205	217	166	160	213	261	179	189	339	337	181	173	318	316	235	225
U2045	14	254	272	124	132	171	173	207	199	168	160	213	229	181	185	339	339	191	169	318	342	229	229
U2046	14	276	286	124	120	165	171	199	199	168	160	-9	-9	183	179	335	339	191	169	318	318	235	229
U2047	14	276	254	128	136	157	147	207	199	160	160	227	227	189	189	341	333	183	191	318	316	235	233
U2048	14	260	286	132	132	165	173	209	199	160	160	213	229	183	171	333	333	183	183	338	342	239	229
U2050	14	248	260	122	120	161	157	209	199	164	160	215	213	185	179	339	337	181	169	318	344	235	237
U2051	14	254	254	120	134	163	171	199	199	164	166	203	213	177	171	333	337	183	187	318	318	235	237
U2056	14	280	254	130	115	165	163	207	217	164	166	221	247	171	171	333	339	183	183	334	356	235	235
U2057	14	280	282	104	124	167	173	205	203	166	166	229	223	185	193	333	339	183	169	332	334	237	237
U2058	14	248	282	124	136	163	163	205	203	160	160	255	229	187	185	331	331	191	173	320	334	235	235
U2059	14	282	284	104	122	159	167	203	203	164	160	-9	-9	181	193	331	331	187	169	326	334	221	221
U2060	14	248	254	124	146	159	173	207	199	166	160	217	247	185	171	333	343	183	187	318	344	235	237
U2061	14	280	272	130	128	163	169	207	199	166	166	233	247	187	185	327	339	183	183	318	356	221	221
U2062	14	272	262	130	132	163	163	205	199	166	160	-9	-9	187	171	333	333	189	169	320	356	235	235
U2063	14	248	272	130	124	159	167	203	199	166	166	-9	-9	187	171	333	339	183	169	318	344	221	221
U2065	14	258	258	104	136	159	171	207	207	164	166	227	265	187	185	335	333	191	169	330	340	235	235
U2067	14	248	268	104	124	163	161	205	217	158	160	217	227	177	171	333	339	169	169	328	338	237	237
U2068	14	254	268	124	120	163	161	207	207	158	166	215	227	177	177	333	333	181	169	318	316	221	237
U2069	14	248	254	128	120	167	167	207	199	166	160	217	231	185	171	335	339	187	187	344	338	221	235
U2070	14	268	288	124	128	165	163	211	207	166	160	243	211	177	187	333	343	187	191	316	344	221	237
U2071	14	258	258	128	128	175	173	205	207	158	166	227	237	185	171	327	333	191	191	316	344	235	223
U2076	14	280	268	128	128	163	157	207	199	158	166	231	247	177	171	341	343	183	169	344	338	221	235
U2077	14	248	280	124	122	163	171	203	199	166	160	239	217	171	189	333	343	189	183	318	346	221	237
U2082	14	254	268	124	120	167	161	205	207	158	160	259	227	177	177	335	343	187	177	318	328	221	237
U2084	14	280	256	122	122	177	167	207	207	158	166	213	257	171	189	333	339	187	177	340	328	221	221
U2089	14	276	284	104	124	175	161	205	199	164	166	229	263	177	187	335	333	183	179	326	316	235	235
U2090	14	248	276	124	122	165	161	205	203	158	166	229	209	181	171	335	343	183	187	340	338	221	235
U2098	14	272	272	122	120	165	163	207	207	164	166	259	223	185	189	333	331	191	169	326	328	223	223
U2108	14	248	276	104	128	155	163	207	199	154	154	239	239	181	183	335	327	187	187	318	318	223	243
U2111	14	248	258	124	122	165	169	209	203	164	166	217	223	171	179	335	339	189	169	340	344	235	235
U2113	14	248	276	130	130	165	165	209	207	168	166	245	225	187	179	335	331	191	193	326	344	243	243
U2114	14	248	266	130	104	165	173	209	213	166	160	221	225	183	179	335	339	187	193	344	334	221	235
U2115	14	248	248	104	128	161	169	209	207	166	166	217	257	187	185	333	331	181	169	344	320	235	235
U2116	14	254	284	130	136	163	161	-9	-9	158	168	205	231	193	189	333	337	169	169	344	334	227	227
U2117	14	248	266	130	122	165	177	203	207	164	166	243	241	177	181	335	327	181	195	330	316	221	221
U2119	14	248	248	104	128	163	161	209	195	158	168	233	263	179	179	341	333	189	169	318	344	221	223
U2120	14	248	254	104	136	167	163	207	215	166	160	217	213	177	185	329	329	183	191	340	328	227	229
U2664	14	254	256	104	128	171	157	205	207	160	160	239	205	177	189	333	339	189	185	316	332	221	235
U1198	15	248	278	130	130	167	163	207	207	162	160	-9	-9	185	171	327	333	183	173	318	316	239	237
U1199	15	276	256	130	132	163	171	203	207	158	164	221	229	185	179	335	333	187	169	336	346	235	223
U1200	15	256	264	130	120	155	163	211	207	166	160	215	251	185	189	335	333	181	191	318	320	235	223
U1201	15	260	250	122	132	155	169	205	209	166	154	227	237	177	189	333	329	187	169	318	344	235	237
U1202	15	260	256	104	132	155	163	209	217	164	166	227	263	177	175	335	333	169	169	318	326	227	229
U1203	15	254	268	132	138	163	171	203	203	158	166	215	213	171	191	337	331	183	183	318	318	221	237
U1205	15	248	250	130	124	165	161	207	217	166	166	211	221	189	189	327	333	187	191	318	326	235	235
U1206	15	248	254	124	138	163	163	203	207	168	160	215	213	177	189	333	343	183	187	326	326	235	233
U1207	15	248	270	104	138	163	163	203	207	168	166	219	231	177	189	333	329	183	187	318	342	235	237
U1208	15	248	260	104	132	165	163	203	207	168	166	219	213	171	189	333	333	183	191	318	326	227	237
U1209	15	250	262	120	132	163	169	203	211	166	166	211	263	177	189	333	339	183	191	318	326	235	235
U1210	15	248	248	128	138	163	163	209	217	166	160	215	221	181	189	327	333	183	169	326	334	235	223
U1211	15	248	258	132	138	177	163	211	207	164	166	211	223	171	179	339	337	191	169	318	318	221	235
U1212	15	256	286	104	120	171	173	211	217	166	166	219	217	171	179	333	339	187	187	340	318	221	235
U1213	15	248	258	130	138	167	163	207	207	160	160	221	223	187	171	339	337	187	169	340	318	239	235
U1214	15	248	248	120	132	161	169	203	217	166	154	-9	-9	179	179	341	333	183	191	330	318	221	235
U1215	15	248	248	132	132	163	169	217	217	158	168	219	213	179	189	335	329	187	169	318	326	235	237
U1220	15	248	286	126	130	163	169	205	217	158	166	219	231	179	179	341	339	183	191	318	326	235	235
U1224	15	250	262	124	120	165	155	205	203	166	154	215	229	187	189	335	329	183	169	326	326	221	235
U1227	15	248	260	104	128	167	155	209	215	160	169	233	223	177	185	335	335	187	169	326	322	235	237
U1229	15	258	254	104	120	163	171	209	199	158	168	233	223	177	193	327	337	191	169	318	352	235	233
U1230	15	248	254	104	124	163	161	209	207	158	160	223	237	177	185	337	329	169	169	330	328	219	219
U1231	15	248	254	124	148	163	161	209	207	164	166	241	223	177	185	333	333	183	169	330	320	227	219
U1232	15	258	268	104	148	161	161	209	199	158	166	241	223	171	189	335	333	169	173	328	352	221	233
U1233	15	252	252	104	124	163	171	203	194	158	158	269	271	177	177	335	329	-9	-9	318	318	221	221
U1234	15	248	260	104	148	163	161	207	207	166	160	227	223	183	171	333	333	189	173	318	320	227	229
U1235	15	256	268	124	148	155	169	209	199	168	160	215	227	185	189	333	331	183	191	318	328	221	245
U1236	15	248	264	124	128	165	163	209	203	166	160	215	221	187	189	333	331	187	191	340	318	221	221
U1238	15	248	274	104	124	165	169	203	211	158	166	215	257	185	189	337	331	187	191	318	326	221	221
U1239	15	276	254	124	134	165	163	203	207	158	166	221	231	185	179	333	331	183	169	318	326	221	235
U1240	15	258	268	124	128	163	163	203	211	158	166	237	257	185	189	333	331	191	191	318	326	237	237
U1242	15	248	248	130	138	165	163	205	207	166	160	233	227	177	177	333	337	191	169	326	352	239	237
U1243	15	258	254	104	152	163	163	205	197	166	160	215	227	177	185	337	337	169	169	332	352	231	237
U1245	15	248	254	120	138	159	163	207	207	166	160	221	223	185	185	333	337	183	195	318	326	235	237
U1246	15	248	276	104	138	155	169	207	199	166	160	217	227	177	179	337	337	187	173	340	338	221	237
U1251	15	258	266	130	120	171	169	211	207	166	166	215	251	171	189	339	337	191	193	340	320	235	235
U1273	15	248	254	104	104	165	167	207	215	-9	-9	-9	-9	185	171	335	339	187	187	318	322	235	235
U1274	15	248	256	104	128	159	173	211	199	168	166	217	215	171	169	335	333	183	187	340	322	235	235
U1294	15	250	278	124	122	155	169	211	207	168	154	233	231	189	189	331	329	183	187	318	318	235	223
U1304	15	-9	-9	104	120	163	161	-9	-9	158	168	233	237	185	193	327	329	191	191	330	318	235	235
U1307	15	260	250	130	128	161	171	-9	-9	166	160	219	241	177	189	339	339	191	191	318	346	235	225
U1314	15	258	270	104	128	159	169	203	211	162	166	239	237	189	189	333	339	183	187	318	334	-9	-9
U1315	15	248	260	104	128	155	163	211	211	166	166	215	265	177	171	335	327	191	193	330	318	235	227
U1319	15	280	274	104	109	167	161	211	217	166	166	235	213	177	185	333	333	169	193	340	334	235	227
U1320	15	272	262	104	124	165	155	205	199	158	158	253	221	171	189	341	339	183	187	326	328	235	223
U1324	15	248	254	132	132	155	163	203	211	166	154	215	223	193	171	327	333	187	173	320	338	221	221
U1331	15	254	250	130	132	155	163	209	199	168	166	-9	-9	185	189	339	339	189	187	318	346	221	235
U1333	15	248	248	104	124	167	155	203	211	166	166	-9	-9	185	179	335	339	183	169	326	316	221	221
U1340	15	276	278	104	134	167	163	207	199	166	160	223	269	187	179	339	337	189	169	318	326	235	247
U1341	15	256	278	120	136	165	163	211	199	164	166	-9	-9	189	189	335	333	189	191	340	326	235	235
U1344	15	276	262	126	130	167	171	209	213	166	160	-9	-9	183	171	327	337	183	169	318	316	221	235
U1345	15	256	268	104	124	165	167	199	199	160	169	239	217	171	189	335	331	187	191	340	326	221	235
U1346	15	248	256	104	148	155	169	207	199	158	164	223	265	187	171	335	333	183	183	318	326	221	223
U1347	15	248	272	124	120	165	173	207	215	160	160	233	223	185	171	335	339	191	169	344	322	241	233
U1348	15	248	260	138	138	169	185	199	199	168	166	213	241	177	189	333	339	187	173	318	346	237	225
U1349	15	248	276	130	132	155	163	211	207	164	166	215	251	181	185	333	331	183	183	344	320	235	229
U1354	15	248	264	124	138	163	169	209	199	158	168	221	237	187	189	333	331	191	191	330	340	221	245
U1375	15	248	254	104	136	165	161	211	207	166	160	233	221	177	187	339	343	183	169	328	334	235	223
U1383	15	248	270	124	136	167	171	211	199	166	169	215	231	177	191	-9	-9	183	183	330	326	221	235
U1385	15	248	276	104	128	155	157	203	207	160	169	213	225	181	183	327	333	183	191	318	318	227	243
U1386	15	276	274	130	130	167	173	203	213	160	160	243	227	171	171	337	331	183	187	330	316	221	221
U1413	15	248	260	124	132	-9	-9	209	211	164	168	219	227	177	179	333	339	183	169	318	344	235	227
U1417	15	258	276	130	124	167	163	213	207	168	166	-9	-9	171	189	333	337	183	169	340	318	239	235
U1852	16	248	280	130	128	163	161	209	197	158	164	215	213	171	179	333	329	183	183	318	320	221	237
U1853	16	248	280	130	124	159	161	211	201	158	166	239	269	185	171	333	331	183	169	318	334	221	221
U1854	16	248	248	130	136	161	171	209	215	166	160	233	221	181	193	333	343	183	183	318	336	221	237
U1855	16	254	264	124	128	177	155	211	207	168	166	215	229	177	171	333	333	183	187	318	320	237	237
U1856	16	254	264	124	124	155	173	207	207	164	168	215	229	177	171	333	331	183	169	340	318	229	229
U1858	16	248	276	130	128	155	163	203	207	166	166	231	231	171	179	327	333	187	191	320	320	237	237
U1859	16	280	264	128	122	171	171	209	207	164	166	211	227	185	171	333	339	169	173	318	352	221	217
U1860	16	248	288	104	115	167	173	209	209	164	169	239	229	185	171	339	329	189	173	340	328	221	221
U1861	16	248	248	128	136	155	173	211	207	164	166	221	229	181	185	339	331	193	173	340	326	221	221
U1862	16	248	256	130	124	163	171	211	207	158	164	243	227	177	193	339	339	183	169	318	338	221	227
U1863	16	250	278	130	136	175	163	211	211	158	166	217	227	177	193	339	337	187	169	318	318	221	221
U1865	16	248	256	122	134	165	177	203	207	166	160	239	223	177	171	341	333	183	187	318	352	221	237
U1871	16	256	278	128	120	167	161	205	209	158	168	245	229	177	177	333	333	183	169	330	326	221	221
U1873	16	256	278	104	120	155	155	203	207	164	164	219	213	187	179	333	339	183	169	340	338	229	223
U1875	16	282	278	130	128	167	163	207	207	158	160	213	213	177	183	335	331	191	169	336	352	221	221
U1876	16	248	282	130	104	177	167	203	207	166	160	233	213	183	189	341	333	191	193	318	338	235	233
U2448	17	248	260	104	120	159	163	203	207	160	160	217	227	177	189	327	337	185	187	316	342	221	221
U2449	17	248	256	124	128	165	157	203	203	164	166	233	241	177	179	327	333	187	187	318	338	237	237
U2450	17	282	252	124	128	173	173	207	197	162	166	235	221	185	193	339	339	185	183	318	356	235	235
U2451	17	248	254	124	122	165	167	205	199	158	166	235	213	177	181	-9	-9	183	169	-9	-9	221	237
U2453	17	248	278	104	124	177	175	205	207	166	166	213	237	177	185	333	333	187	191	336	334	235	227
U2454	17	248	264	130	128	175	175	207	207	164	166	223	223	177	171	339	343	183	169	318	320	239	243
U2455	17	248	258	128	158	159	175	211	207	166	166	255	229	179	179	333	333	183	179	340	334	235	235
U2456	17	258	282	104	124	155	173	203	207	164	166	217	215	171	179	335	339	187	191	318	326	-9	-9
U2457	17	248	276	104	134	165	173	211	207	158	164	241	227	187	179	335	337	185	187	340	340	221	221
U2458	17	248	276	130	134	173	173	211	207	164	168	215	241	187	189	333	339	187	187	330	320	221	235
U2459	17	258	272	124	128	175	155	209	219	164	166	217	215	177	183	341	333	183	193	318	348	235	237
U2460	17	248	258	128	136	161	171	205	201	158	166	215	229	185	179	333	343	169	169	340	318	235	235
U2461	17	252	272	104	124	171	151	211	207	166	169	225	229	177	179	333	337	189	169	316	346	227	227
U1826	17	248	254	124	122	177	161	211	211	164	160	255	221	177	185	339	331	183	169	334	334	221	235
U1827	17	248	262	104	128	177	155	205	213	164	160	213	229	171	171	339	339	191	169	316	334	221	235
U1828	17	248	290	130	130	159	169	205	207	166	166	243	233	187	171	333	339	181	183	340	318	221	227
U1829	17	248	254	104	136	163	163	211	217	168	160	217	215	181	171	335	333	169	179	318	338	235	237
U1830	17	248	254	130	122	163	163	211	211	166	160	215	241	177	181	335	333	169	179	316	338	221	237
U1831	17	254	268	124	128	163	161	209	213	164	169	243	219	177	187	333	339	191	169	326	316	235	237
U1833	17	248	254	124	142	165	175	211	211	166	166	233	233	171	171	333	331	183	169	332	334	221	221
U1834	17	254	252	104	124	159	163	207	199	164	169	219	233	177	171	339	343	183	187	330	316	-9	-9
U1835	17	248	260	130	122	163	161	211	211	158	164	217	233	187	171	333	339	187	169	338	334	221	237
U1836	17	248	264	122	132	159	163	211	217	158	160	217	231	185	169	335	339	185	167	-9	-9	235	219
U1837	17	248	254	104	122	155	163	219	211	166	160	217	261	187	191	335	339	187	187	344	338	221	227
U1838	17	254	254	124	120	155	163	207	199	166	169	243	217	177	181	333	343	187	187	316	336	235	227
U1839	17	290	264	124	128	163	161	203	213	160	169	243	215	177	171	333	343	183	191	318	336	221	221
U1840	17	248	264	130	124	167	163	219	213	160	169	-9	-9	177	181	333	339	187	191	316	320	221	221
U1842	17	276	254	124	128	163	161	213	207	164	166	235	233	177	183	335	343	189	191	336	342	235	235
U1844	17	256	264	124	128	165	161	209	199	-9	-9	-9	-9	181	179	333	343	181	191	318	336	235	237
U1845	17	254	274	104	124	163	161	205	199	166	169	243	219	177	193	339	343	187	169	318	336	235	227
U1846	17	254	290	124	128	163	161	219	213	160	169	217	233	177	171	333	343	183	187	316	328	221	235
U1762	18	282	264	122	132	159	161	211	211	158	164	217	211	177	185	341	339	183	169	340	338	221	237
U1763	18	252	272	130	132	163	161	211	207	164	166	215	225	187	185	333	339	187	169	330	338	241	241
U1766	18	284	264	130	136	159	163	211	207	158	164	215	225	177	185	333	343	187	169	330	340	-9	-9
U1767	18	276	264	128	136	159	169	211	207	164	166	217	215	185	189	335	339	183	169	320	338	227	227
U1770	18	276	270	130	104	165	163	211	211	164	166	215	233	187	171	333	339	191	169	318	338	235	227
U1771	18	270	284	130	128	165	163	211	207	166	166	215	233	177	171	339	339	183	191	318	346	235	227
U1772	18	270	270	130	122	155	163	211	211	158	166	205	249	177	177	327	333	189	191	318	338	227	237
U1773	18	282	284	104	122	159	163	211	199	164	166	215	229	177	171	327	333	189	169	326	338	-9	-9
U1777	18	270	284	130	122	155	163	219	199	168	166	229	247	177	187	333	333	189	169	338	338	235	235
U1778	18	248	270	130	132	155	171	211	207	158	166	233	249	171	189	333	329	189	189	340	318	221	237
U1779	18	252	274	128	122	165	171	211	199	158	166	233	229	185	171	333	337	191	169	318	338	235	235
U1780	18	270	284	130	132	159	171	219	207	158	164	235	253	177	171	341	343	187	191	330	338	235	229
U1781	18	270	284	130	130	159	163	219	211	164	166	235	221	177	177	333	339	189	187	340	318	235	235
U1786	18	270	252	128	136	167	175	211	207	164	160	233	221	177	171	339	337	189	191	344	338	227	227
U1789	18	284	272	130	132	167	157	211	207	164	160	205	215	177	189	333	337	181	189	318	328	227	229
U1790	18	284	272	136	132	175	155	219	207	164	168	225	229	177	171	339	343	187	187	326	338	221	227
U2467	19	276	270	128	122	155	163	219	207	166	166	259	221	189	189	333	331	189	185	316	316	221	249
U2468	19	260	254	132	134	165	163	205	199	166	166	253	221	177	171	341	341	189	191	318	316	221	227
U2469	19	248	262	128	122	163	163	219	207	166	160	221	221	183	169	333	339	189	199	318	316	221	237
U2470	19	248	260	104	128	163	163	203	217	158	160	221	237	177	171	333	339	193	199	328	338	235	237
U2472	19	248	260	126	104	165	163	219	199	162	166	-9	-9	193	189	335	339	183	191	318	316	221	221
U2473	19	248	260	104	104	155	171	209	219	168	166	219	215	183	193	339	339	189	183	318	348	221	235
U2475	19	260	276	104	122	155	163	211	211	166	160	221	263	193	179	341	339	183	169	316	348	221	235
U2477	19	248	256	128	122	167	167	205	207	166	160	219	259	185	189	327	339	187	169	344	334	235	237
U2478	19	256	282	132	134	167	161	211	211	160	156	259	227	177	187	333	339	181	187	336	320	239	239
U2482	19	248	258	128	120	179	169	209	199	158	164	215	213	177	187	339	337	187	169	336	346	235	233
U2483	19	248	254	104	128	163	163	209	211	158	158	221	231	185	189	333	337	187	187	318	334	221	235
U2484	19	248	248	122	132	163	163	209	207	166	160	215	225	177	187	333	331	187	169	326	346	235	233
U2485	19	248	272	128	132	161	169	209	207	158	166	215	231	187	179	339	337	187	173	316	346	235	235
U2487	19	248	254	126	132	165	169	207	207	158	158	217	217	187	185	-9	-9	183	187	318	338	235	235
U2490	19	248	248	128	128	163	173	211	207	166	160	219	251	193	189	341	333	189	169	326	342	221	239
U2491	19	276	290	124	128	163	163	207	199	166	166	215	223	179	189	327	337	183	169	344	322	239	223
U2493	19	248	256	104	128	165	161	209	207	166	160	243	261	-9	-9	-9	-9	191	169	318	320	235	235
U2495	19	256	264	104	128	165	169	205	207	158	166	227	231	177	191	341	337	191	169	340	334	239	235
U2496	19	248	256	104	134	159	155	207	207	168	166	221	247	179	189	339	337	189	169	318	316	229	223
U2497	19	280	254	104	128	165	161	203	207	166	166	235	213	177	179	339	337	187	187	340	318	221	239
U2498	19	260	256	124	128	165	155	205	207	158	166	235	235	179	191	335	339	169	177	318	348	239	235
U2499	19	260	254	120	134	165	155	205	197	158	166	239	227	177	193	333	337	187	173	340	338	239	237
U2502	19	248	260	104	104	155	173	209	207	166	160	221	227	183	189	333	333	191	169	316	338	221	221
U2503	19	248	254	104	128	165	155	205	207	166	166	235	223	177	189	333	337	187	191	326	344	221	221
U2202	20	284	272	104	120	165	159	211	207	164	166	215	233	177	179	335	333	169	169	318	318	223	223
U2203	20	270	282	104	104	165	155	199	197	166	166	235	233	181	187	339	339	183	191	318	332	221	235
U2205	20	260	274	130	128	159	163	203	199	164	166	219	233	177	177	341	343	183	169	318	338	221	221
U2206	20	248	252	124	128	171	173	203	207	166	166	213	231	185	179	-9	-9	181	169	332	320	235	229
U2207	20	280	256	124	120	163	161	211	195	164	166	233	271	181	187	341	333	191	169	330	326	221	221
U2212	20	248	280	128	128	163	157	205	219	166	166	213	221	-9	-9	335	333	-9	-9	316	348	221	235
U2215	20	258	268	130	130	163	161	203	203	166	166	217	221	177	171	335	333	189	169	340	318	227	227
U2216	20	280	256	122	136	165	165	211	199	164	166	243	269	181	179	333	339	183	169	344	346	-9	-9
U2217	20	248	260	128	120	155	169	209	207	158	166	243	215	179	169	339	331	183	183	318	344	231	223
U2221	20	280	276	124	128	167	171	207	195	164	166	225	251	181	171	341	331	183	169	332	320	235	229
U2222	20	276	276	104	122	165	163	207	195	164	166	203	251	181	171	341	339	183	169	318	332	227	227
U2225	20	-9	-9	128	136	155	163	219	207	166	166	215	203	187	187	341	333	183	187	318	326	235	235
U1120	21	258	252	104	104	-9	-9	205	207	158	160	217	221	181	179	333	339	183	169	318	326	221	245
U1122	21	248	272	104	132	167	179	-9	-9	166	160	215	233	185	193	327	339	183	169	334	350	235	235
U1125	21	260	264	124	134	165	163	205	205	158	160	215	225	177	185	335	333	183	193	326	334	223	223
U1126	21	248	274	130	128	161	173	207	199	164	166	211	237	177	171	335	327	183	169	318	334	235	227
U1127	21	254	254	130	136	167	163	209	207	166	160	213	231	171	171	335	333	187	169	318	352	221	227
U1128	21	260	264	104	104	171	181	207	199	164	160	215	231	187	187	333	337	169	169	330	326	239	239
U1129	21	280	264	104	132	163	171	211	207	158	166	217	231	187	175	333	337	189	191	330	356	221	227
U1130	21	280	264	104	132	161	171	207	207	158	171	227	251	187	191	327	337	189	169	318	318	239	235
U1131	21	248	248	124	128	167	171	207	215	166	160	-9	-9	183	187	335	333	183	169	340	338	239	239
U1135	21	248	248	130	128	159	171	211	207	166	171	235	221	185	171	333	333	169	193	340	326	231	237
U1140	21	254	282	128	122	167	163	211	199	164	160	243	229	185	171	333	339	187	187	326	326	221	235
U1142	21	248	256	120	120	163	163	209	199	166	166	215	227	171	189	327	333	183	187	326	344	221	235
U1144	21	256	268	104	134	159	167	203	203	158	162	215	235	183	171	327	333	189	191	344	356	235	223
U1145	21	248	268	130	124	155	171	209	203	158	160	223	265	177	185	327	327	189	183	330	316	221	221
U1146	21	248	262	130	122	167	163	207	199	158	166	-9	-9	187	171	335	327	187	191	318	326	241	241
U1147	21	248	254	104	122	155	163	211	215	168	160	219	229	177	199	333	331	183	183	340	346	221	235
U1148	21	276	268	128	115	163	171	207	207	168	160	219	227	183	187	333	333	187	169	330	340	235	235
U1150	21	252	274	124	134	167	163	-9	-9	168	166	217	271	185	171	333	329	183	169	326	320	235	241
U1151	21	282	266	120	106	167	163	207	217	160	160	-9	-9	171	171	341	339	187	193	316	342	221	235
U1153	21	248	278	128	122	165	163	205	211	166	160	205	217	187	187	333	339	183	169	340	318	235	237
U1154	21	248	254	132	148	159	171	-9	-9	168	166	219	215	177	189	327	327	183	169	338	350	229	223
U1155	21	254	264	132	138	163	169	217	199	168	168	219	215	189	169	339	329	187	191	318	346	235	233
U1157	21	248	276	124	132	165	155	203	203	166	160	-9	-9	187	171	333	339	191	169	330	316	235	237
U1159	21	248	276	124	132	165	155	203	199	164	160	233	221	177	185	333	339	191	193	330	318	221	235
U1160	21	276	272	104	128	165	165	203	217	164	166	217	255	187	187	341	333	187	193	330	318	221	227
U1161	21	272	288	104	136	165	163	205	207	166	160	215	235	185	185	333	339	191	191	318	318	221	237
U1163	21	248	254	124	128	155	155	207	197	158	162	219	263	171	171	335	327	191	191	318	326	237	229
U1165	21	252	272	122	136	155	171	211	217	166	160	213	225	185	179	333	333	183	187	318	326	221	221
U1168	21	252	274	104	124	159	171	205	207	158	166	215	215	183	171	327	339	187	169	318	326	237	237
U1169	21	256	286	130	104	167	163	205	215	166	160	211	229	183	193	327	331	187	191	320	334	221	235
U1170	21	254	256	130	136	163	171	211	215	168	160	213	229	177	199	341	331	189	187	326	354	221	237
U1171	21	256	268	128	120	163	157	209	207	168	166	215	225	183	189	333	339	181	169	332	338	221	243
U1172	21	276	256	104	120	165	167	207	207	166	160	215	261	187	187	327	333	169	169	318	328	235	223
U1173	21	248	254	126	124	165	163	205	201	166	166	205	261	177	187	333	333	187	169	318	326	221	235
U1174	21	-9	-9	120	115	-9	-9	209	199	166	166	235	229	185	171	339	343	181	169	318	334	235	227
U1175	21	248	264	104	124	163	171	203	217	168	168	-9	-9	187	193	335	339	169	193	318	334	221	221
U1176	21	256	264	104	124	171	171	209	197	166	166	-9	-9	185	185	327	337	191	169	330	318	227	241
U1178	21	256	274	124	128	165	159	211	199	158	166	215	223	171	171	337	337	169	169	320	346	221	221
U1179	21	272	278	124	124	159	163	205	207	166	166	215	249	187	171	333	337	-9	-9	318	318	-9	-9
U1180	21	248	262	130	104	165	177	205	209	164	166	-9	-9	171	171	341	333	187	169	336	336	235	235
U1181	21	256	252	124	124	179	169	205	207	166	160	215	221	183	171	333	337	181	181	318	316	235	237
U1182	21	248	254	130	104	163	171	209	201	166	160	217	225	171	179	341	327	189	191	318	336	235	237
U1184	21	276	270	124	120	165	173	207	207	160	160	225	229	185	189	333	337	191	191	320	346	239	223
U1185	21	248	252	104	128	155	161	205	209	166	166	225	251	177	177	341	327	189	189	318	342	235	223
U1186	21	248	266	130	124	167	163	207	207	158	164	225	229	171	179	333	331	189	169	318	320	235	237
U1187	21	248	248	130	136	167	171	203	203	166	160	253	221	189	189	327	337	183	187	316	328	221	233
U1188	21	276	256	124	122	175	171	219	207	166	160	233	237	187	171	333	339	169	173	344	320	227	241
U1189	21	258	254	130	128	163	171	207	197	166	160	245	229	187	191	335	333	181	177	318	318	229	225
U1190	21	260	288	128	122	165	169	211	211	158	166	215	225	171	179	327	327	187	193	338	334	235	237
U1192	21	268	288	130	104	161	169	211	211	158	160	215	231	183	179	339	343	187	169	334	346	235	235
U1193	21	260	264	124	128	155	171	207	199	160	160	229	227	187	185	333	339	189	169	330	318	221	239
U1194	21	282	262	104	104	159	157	207	207	164	166	205	217	177	171	327	339	183	169	318	320	235	235
U1196	21	248	248	124	134	155	163	205	194	164	166	215	209	187	189	337	337	183	187	342	358	235	235
U1197	21	258	274	104	120	161	169	203	207	164	166	217	227	183	187	341	339	181	169	340	318	235	235
U1003	22	248	282	130	124	165	155	211	207	166	166	205	215	185	171	339	337	187	191	330	340	221	221
U1004	22	254	250	130	115	163	183	205	209	158	168	215	213	187	189	339	339	191	169	340	356	227	227
U1005	22	272	278	154	154	159	161	211	207	166	160	239	213	181	187	333	339	187	191	318	328	235	235
U1006	22	248	254	122	150	167	171	209	219	164	160	233	229	187	171	333	333	183	183	340	326	235	235
U1007	22	256	278	104	128	165	163	209	199	166	166	227	209	187	187	339	329	181	187	330	334	235	227
U1008	22	248	250	104	104	163	163	211	215	164	160	233	213	177	171	333	339	183	187	318	328	227	233
U1009	22	272	272	104	104	167	167	205	207	164	162	215	227	185	171	339	337	183	187	336	328	221	235
U1011	22	248	268	104	128	167	163	211	207	164	168	235	225	185	193	335	331	181	169	318	326	235	227
U1012	22	248	286	130	124	159	171	205	199	160	160	215	233	187	173	333	339	181	187	326	326	227	229
U1014	22	272	278	136	144	159	179	205	207	158	164	213	213	187	187	341	333	181	183	340	326	235	237
U1016	22	248	262	124	120	165	163	207	217	166	160	219	225	177	171	327	333	187	193	340	332	235	227
U1017	22	248	248	124	120	175	163	203	211	164	162	205	235	187	187	333	343	169	169	340	340	221	221
U1018	22	248	254	104	124	163	163	203	211	160	160	221	227	181	193	333	333	183	183	340	318	237	237
U1019	22	276	276	120	120	161	179	205	217	158	166	215	221	171	179	327	339	183	183	318	328	221	227
U1020	22	276	274	130	104	163	173	211	211	166	160	225	229	187	189	327	333	183	169	340	344	227	237
U1023	22	248	276	124	122	155	163	207	199	166	160	213	207	171	179	333	333	181	183	318	320	235	237
U1024	22	248	258	122	115	163	163	199	199	164	169	217	221	177	177	333	333	183	187	318	320	227	237
U1025	22	264	252	130	128	165	159	211	199	166	160	215	251	179	191	341	341	189	183	318	318	227	223
U1026	22	248	272	130	130	155	163	211	211	158	166	243	261	171	171	327	333	183	187	318	338	221	235
U1027	22	248	248	104	115	167	161	205	219	169	169	245	229	177	171	333	333	169	169	340	344	235	235
U1028	22	248	284	124	120	155	169	203	207	160	160	219	221	177	193	333	337	183	169	334	356	227	237
U1029	22	248	248	128	128	167	163	209	207	166	166	253	223	177	175	341	333	189	191	318	318	239	227
U1030	22	248	288	130	124	159	171	203	207	166	160	215	225	187	171	339	339	187	169	344	356	221	237
U1031	22	278	278	104	104	159	167	207	207	166	160	215	231	187	185	333	339	187	169	326	342	227	237
U1032	22	248	276	124	134	159	171	207	207	166	160	225	207	181	187	335	341	183	183	330	344	221	233
U1033	22	272	272	124	115	163	163	205	207	160	160	215	215	181	185	335	339	185	187	320	334	221	235
U1034	22	248	272	130	128	155	171	205	219	158	166	215	221	181	187	333	339	183	187	340	318	235	227
U1035	22	248	252	124	124	155	171	205	213	166	160	235	221	177	187	333	339	183	183	318	318	235	227
U1036	22	248	282	124	124	161	161	205	209	158	160	221	229	171	171	335	333	187	169	336	342	235	227
U1037	22	248	248	104	128	163	171	203	207	164	166	215	225	179	191	333	331	183	169	330	326	227	227
U1038	22	258	254	104	128	159	163	205	201	158	168	217	217	171	171	341	333	169	193	338	342	221	227
U1040	22	282	268	130	124	165	165	217	201	166	160	225	207	187	171	339	337	183	169	-9	-9	239	229
U1041	22	256	252	130	128	163	163	205	211	166	160	217	217	177	187	335	333	191	169	338	334	221	229
U1042	22	256	278	124	124	165	163	209	203	166	160	229	231	177	187	333	333	187	169	320	338	221	221
U1044	22	268	278	130	136	165	163	209	211	166	160	211	221	171	171	333	337	189	183	340	346	227	237
U1045	22	280	276	124	120	159	171	211	207	158	162	-9	-9	183	193	327	333	185	169	318	320	227	227
U1046	22	258	282	104	122	163	157	-9	-9	160	160	215	237	177	187	327	339	183	169	318	356	221	243
U1047	22	258	254	128	128	165	161	205	195	166	160	217	235	181	187	335	333	183	187	318	344	235	223
U1048	22	256	270	130	128	163	179	211	201	166	160	215	213	185	179	327	333	183	187	340	320	235	237
U1049	22	248	280	130	104	155	163	207	207	168	166	215	215	171	179	333	331	169	169	318	334	235	235
U1050	22	248	280	120	136	161	171	209	207	162	160	235	225	183	171	335	333	183	187	328	320	235	249
U1051	22	274	274	124	122	159	155	203	207	166	160	215	245	187	193	333	339	187	169	330	340	221	235
U1052	22	248	248	128	134	167	175	205	207	168	160	217	231	171	179	341	333	187	169	318	326	237	229
U1053	22	272	294	104	120	171	153	-9	-9	166	160	213	229	177	187	333	337	189	169	318	326	227	227
U1054	22	256	294	124	132	159	171	211	199	166	160	235	229	177	171	339	339	169	169	318	318	227	229
U1059	22	254	278	124	124	159	163	203	203	158	160	225	225	177	193	341	339	183	187	340	318	227	237
U1061	22	254	252	122	132	155	163	207	207	164	160	217	223	171	171	335	337	189	169	318	318	239	235
U1063	22	248	256	124	128	155	163	205	199	166	160	221	221	187	171	341	331	183	193	318	318	221	241
U1066	22	248	280	128	132	155	163	205	203	160	160	215	229	171	173	327	337	189	187	318	320	221	235
U1067	22	254	286	115	115	163	173	207	199	160	160	215	223	187	171	333	339	169	169	340	328	235	227
U1068	22	276	262	132	132	163	163	209	219	162	162	225	227	171	173	327	337	187	187	318	338	231	237
U1069	22	248	276	104	124	163	161	205	211	168	160	235	233	171	189	333	339	183	169	340	326	221	227
U1070	22	248	264	104	128	163	171	205	211	166	166	225	225	183	171	335	333	169	195	340	336	221	237
U1071	22	260	264	130	104	163	161	209	211	166	160	233	223	177	183	339	339	169	177	336	356	235	223
U1073	22	256	266	128	122	163	161	-9	-9	162	168	215	233	177	171	-9	-9	183	187	318	318	235	237
U1075	22	254	272	128	122	177	163	209	207	166	160	217	231	187	171	333	337	169	169	326	344	223	223
U1077	22	276	254	128	120	165	155	-9	-9	166	160	217	217	185	171	333	333	185	187	318	316	227	227
U1078	22	248	282	128	132	163	173	205	199	158	160	-9	-9	187	171	333	339	187	169	340	318	227	227
U1079	22	272	286	130	104	175	161	209	207	166	160	-9	-9	177	179	333	339	187	191	340	318	229	229
U1080	22	254	272	104	128	163	161	203	203	166	160	215	215	177	171	333	339	187	177	340	318	221	229
U1081	22	256	272	130	128	167	163	205	219	166	160	259	271	187	171	327	339	191	169	320	320	235	235
U1082	22	290	272	120	115	165	167	207	199	166	166	213	245	171	171	335	339	183	187	326	326	235	235
U1083	22	290	286	130	124	165	163	207	207	168	160	215	225	177	177	335	331	169	169	340	334	227	223
U1084	22	260	260	120	108	163	161	205	217	160	160	223	271	187	171	341	331	187	169	340	320	221	221
U1085	22	272	266	128	148	163	171	207	199	160	160	217	215	177	181	333	333	183	169	318	320	221	219
U1089	22	248	276	130	130	163	157	197	197	166	166	-9	-9	177	171	339	339	183	169	344	344	221	221
U1092	22	248	264	128	128	161	173	-9	-9	166	160	217	215	171	171	335	339	187	169	326	338	227	237
U1093	22	248	258	124	128	171	171	209	203	166	160	239	223	171	171	-9	-9	183	187	342	356	221	237
U1447	22	260	252	128	154	167	167	207	199	166	160	239	239	177	185	341	339	187	187	338	334	235	227
U1449	22	248	272	104	128	167	163	205	207	164	160	205	213	177	185	333	339	183	169	330	328	235	227
U1450	22	284	252	104	124	167	163	209	209	166	166	205	225	171	171	335	335	187	169	332	338	221	227
U1451	22	260	264	130	104	165	163	205	211	158	166	-9	-9	183	171	335	333	187	187	326	326	227	227
U1452	22	282	268	130	124	165	169	211	207	166	160	-9	-9	181	187	333	331	187	169	340	340	221	227
U1454	22	264	278	104	104	163	163	209	211	166	160	215	247	181	171	333	333	187	187	326	322	235	235
U1458	22	272	274	124	128	163	173	211	207	166	160	217	225	183	171	333	343	169	169	340	340	235	227
U1459	22	248	254	124	124	-9	-9	207	199	168	160	221	225	187	171	339	337	183	169	330	356	227	233
U1460	22	284	284	124	122	159	163	207	199	162	160	225	237	185	171	333	339	183	183	340	346	227	219
U1462	22	268	268	128	122	163	163	203	207	158	160	225	225	185	171	333	339	183	183	318	326	235	235
U1463	22	248	248	128	128	165	163	211	211	166	166	211	227	183	193	341	327	183	187	318	318	221	235
U1464	22	254	262	124	128	175	175	207	207	158	160	233	229	179	189	337	343	183	169	338	338	227	227
U1466	22	250	268	124	128	167	161	211	199	166	166	215	225	187	193	341	339	183	183	318	334	221	227
U1467	22	-9	-9	130	132	175	163	203	211	166	160	215	223	171	171	327	339	183	169	338	334	221	235
U1468	22	248	254	130	128	175	169	211	207	166	160	215	207	171	171	333	331	183	183	318	334	221	227
U1469	22	-9	-9	124	124	175	175	-9	-9	166	166	215	215	183	187	337	337	181	183	338	334	221	237
U1470	22	282	262	104	128	175	171	209	203	166	160	215	223	181	183	339	339	181	169	318	338	235	237
U1473	22	272	262	130	124	159	167	199	199	158	160	213	213	187	179	-9	-9	169	169	320	334	235	223
U1475	22	280	268	122	134	159	155	209	207	166	160	213	221	173	173	333	333	187	169	318	318	221	227
U1476	22	254	268	128	122	155	163	-9	-9	166	166	-9	-9	183	173	333	339	169	169	340	362	235	235
U1477	22	254	278	124	122	167	163	205	207	158	160	217	215	185	185	-9	-9	189	187	328	334	221	227
U1479	22	276	254	128	128	159	167	207	207	166	160	-9	-9	181	183	339	339	183	191	340	328	235	237
U1481	22	248	254	130	104	159	163	-9	-9	160	160	-9	-9	187	179	339	343	185	183	344	338	239	227
U1482	22	260	254	124	124	159	167	209	203	166	160	225	265	181	187	333	329	169	169	318	342	221	227
U1484	22	254	254	130	124	167	175	207	207	166	160	-9	-9	187	185	335	331	169	169	318	320	235	235
U1486	22	254	262	130	124	171	173	-9	-9	158	160	217	217	177	191	-9	-9	181	183	330	338	221	235
U1490	22	-9	-9	130	128	155	173	-9	-9	160	160	205	217	187	187	339	343	183	169	318	334	235	237
U1492	22	254	272	130	128	167	163	-9	-9	164	160	213	241	183	187	333	331	183	169	340	342	237	237
U1518	23	280	290	128	122	161	161	207	207	166	160	229	229	183	193	339	339	191	169	330	316	227	237
U1519	23	260	268	104	144	163	161	211	217	166	160	233	221	173	173	335	327	169	169	334	356	221	233
U1520	23	248	258	104	124	159	163	207	207	160	160	229	265	177	189	335	339	183	169	316	334	237	237
U1521	23	272	272	124	106	165	163	211	207	158	160	229	249	187	187	335	339	189	187	326	344	241	241
U1523	23	248	248	104	128	171	171	207	207	160	160	233	227	177	187	335	333	169	169	318	318	237	223
U1525	23	260	272	124	124	171	171	211	207	160	160	221	227	187	187	327	333	183	187	318	338	235	237
U1526	23	248	280	130	122	163	171	211	199	160	160	217	215	181	187	335	339	189	187	330	318	235	235
U1527	23	260	280	104	124	163	161	207	207	160	160	225	223	171	175	333	333	187	169	318	338	223	223
U1528	23	248	262	106	154	175	163	207	207	164	166	219	217	187	187	-9	-9	183	169	318	318	221	235
U1532	23	260	280	130	130	175	163	209	207	168	166	219	237	187	187	333	333	183	183	330	318	241	241
U1535	23	248	294	128	120	159	163	207	207	166	160	237	265	177	193	-9	-9	183	169	344	338	221	223
U1496	23	248	270	128	128	167	171	-9	-9	160	160	217	225	183	171	-9	-9	169	177	344	320	221	239
U1500	23	276	270	124	154	163	163	207	207	168	160	215	215	193	189	327	337	187	169	318	318	235	235
U1501	23	248	254	128	150	175	163	209	207	166	160	219	261	181	187	335	333	183	191	318	320	239	227
U1502	23	254	270	126	134	165	163	-9	-9	158	160	-9	-9	187	189	327	339	191	169	318	328	235	229
U1504	23	254	288	104	134	161	171	203	207	166	160	215	261	183	185	335	327	185	191	318	332	221	221
U1507	23	260	268	124	120	165	165	-9	-9	158	162	219	215	171	189	327	331	187	191	318	356	239	235
U1509	23	248	254	104	122	167	161	207	207	166	166	219	215	183	193	327	331	187	169	318	318	233	233
U1510	23	248	276	128	128	165	171	205	205	160	160	225	227	187	187	335	339	185	191	330	340	235	237
U1511	23	278	274	128	122	165	159	207	207	160	160	215	227	171	171	335	339	189	169	336	334	241	241
U1512	23	260	262	128	115	167	171	211	211	166	160	225	265	187	189	327	339	183	169	340	326	227	227
U1516	23	280	272	104	104	165	163	205	209	158	166	219	223	177	185	339	339	169	169	328	334	237	215
U2328	24	248	272	104	104	165	163	207	207	160	160	245	245	193	179	327	343	187	169	340	334	221	221
U2329	24	250	272	130	128	163	173	207	199	158	166	217	225	171	189	327	343	189	187	340	340	-9	-9
U2330	24	276	284	104	104	165	171	211	207	166	166	217	215	185	171	335	327	189	169	340	340	221	221
U2331	24	248	280	124	124	155	171	203	207	162	160	253	207	187	171	327	333	183	193	318	344	235	235
U2332	24	250	250	104	104	165	163	203	199	168	160	-9	-9	177	177	333	333	189	189	344	338	235	227
U2334	24	284	272	130	122	159	163	211	207	168	160	215	207	187	171	333	343	169	169	318	344	237	237
U2336	24	272	272	124	128	161	173	211	207	164	160	215	249	177	177	333	343	169	169	318	334	221	221
U2337	24	248	248	104	120	159	163	203	207	168	160	245	241	183	187	333	343	191	169	336	334	221	235
U2338	24	276	272	128	134	155	163	211	207	160	160	219	233	183	193	327	333	187	187	340	334	239	241
U2339	24	252	272	128	122	159	155	205	207	160	160	221	221	177	187	341	343	183	187	340	340	235	241
U2341	24	248	272	130	128	165	155	211	199	160	160	215	215	177	171	333	337	187	169	340	334	221	235
U2342	24	248	248	104	122	165	159	207	207	166	160	215	247	187	185	333	333	187	169	340	318	237	237
U2343	24	284	262	130	128	165	171	207	207	166	160	219	217	185	171	343	343	189	169	340	340	235	237
U2348	24	248	276	130	128	159	181	211	207	160	160	217	217	183	193	335	335	169	177	340	338	235	235
U2350	24	248	248	124	122	159	163	207	199	168	160	215	253	185	171	327	333	169	193	318	344	227	227
U2351	24	250	272	128	134	159	159	203	207	168	166	219	213	177	183	327	343	169	169	340	318	235	235
U2352	24	248	248	104	122	165	163	203	207	160	160	217	215	183	187	343	343	189	169	318	318	221	235
U2357	24	260	284	104	124	165	171	203	207	166	160	233	245	177	171	333	343	181	169	318	338	221	221
U2358	24	272	288	124	122	163	163	203	207	160	160	215	233	177	193	333	337	189	193	340	340	221	235
U2359	24	248	290	124	124	163	163	203	211	160	160	239	233	183	187	333	343	189	187	340	318	221	237
U2360	24	272	272	124	122	159	163	219	207	166	160	215	233	183	187	327	333	189	187	340	344	227	237
U2362	24	248	272	130	130	163	161	211	207	164	160	217	225	187	187	327	333	169	169	334	342	221	227
U2363	24	250	272	130	130	167	161	211	207	166	160	-9	-9	185	173	333	339	189	193	340	338	235	229
U2308	25	248	272	128	132	163	161	211	207	158	168	211	207	171	171	335	339	183	187	340	326	235	237
U2309	25	280	278	130	124	165	163	207	207	158	168	217	215	187	171	333	339	189	187	338	338	235	237
U2311	25	248	278	130	128	155	163	211	207	164	166	211	215	171	189	333	339	189	187	318	326	223	223
U2312	25	248	278	130	104	165	163	207	199	158	166	217	215	171	189	333	333	183	169	318	326	235	223
U2313	25	252	272	128	128	175	163	207	199	158	166	215	213	183	171	333	339	187	187	340	318	235	223
U2314	25	268	272	124	115	165	175	207	207	160	160	259	223	183	183	339	339	183	183	318	334	235	227
U2315	25	278	278	130	104	155	155	207	199	166	166	217	223	171	171	333	339	189	169	336	328	221	237
U2316	25	248	260	132	115	175	161	207	207	158	160	215	223	171	191	339	339	187	169	340	340	235	227
U2317	25	248	248	128	122	159	173	211	207	168	160	215	269	183	171	333	333	181	169	318	348	237	223
U2318	25	276	270	104	115	163	173	207	197	158	164	229	223	171	189	333	333	187	191	318	336	221	235
U2319	25	272	278	104	124	165	163	205	207	158	164	217	221	183	171	327	339	187	191	326	332	235	223
U2322	25	248	272	130	132	161	171	211	207	158	166	217	213	171	171	341	339	189	169	326	320	235	225
U2323	25	248	284	130	130	175	163	207	207	158	166	217	215	181	183	339	339	189	169	340	328	221	235
U2520	26	254	256	104	122	161	171	207	207	166	166	245	231	193	189	335	327	189	169	338	350	221	223
U2522	26	248	262	128	134	163	173	199	201	164	166	221	257	-9	-9	-9	-9	181	183	318	326	235	235
U2524	26	248	256	130	136	159	155	203	221	160	160	215	233	185	171	339	339	183	169	344	320	235	223
U2525	26	248	260	120	134	175	171	209	209	166	166	-9	-9	177	179	341	339	169	177	340	342	221	221
U2533	26	-9	-9	128	122	-9	-9	203	203	158	162	233	245	187	171	327	339	189	169	318	318	235	227
U2534	26	248	274	128	122	177	171	203	211	158	166	233	213	183	185	341	339	187	169	318	328	235	223
U2509	26	248	254	124	128	163	161	209	207	160	160	239	221	177	187	335	339	183	169	318	318	235	235
U2510	26	248	248	128	120	167	171	207	199	164	166	213	213	171	189	333	331	169	177	316	344	235	235
U2511	26	248	256	128	150	167	161	203	207	158	168	217	233	185	179	327	327	181	187	318	334	227	223
U2512	26	248	268	104	128	167	161	203	207	166	160	-9	-9	187	179	341	327	191	169	318	342	221	227
U2537	26	260	274	122	134	167	167	205	207	166	160	215	227	181	185	327	339	191	191	318	334	221	235
U2538	26	270	270	130	130	167	173	207	207	164	160	217	221	175	175	335	339	191	169	318	316	221	221
U2539	26	256	278	104	104	165	163	205	207	164	166	259	221	187	171	327	333	183	169	318	318	235	237
U2515	26	270	284	124	156	167	171	-9	-9	168	166	243	215	183	183	337	331	187	173	340	340	235	233
U2516	26	254	270	128	128	163	171	203	217	166	166	215	225	187	179	-9	-9	169	169	-9	-9	235	237
U2519	26	256	264	120	132	165	179	205	195	158	166	227	257	-9	-9	335	327	185	169	328	332	235	235
U2527	26	260	260	104	140	171	151	205	209	166	160	235	259	177	187	341	339	169	169	340	334	221	235
U2528	26	248	250	104	132	175	171	209	203	168	166	221	229	185	185	333	337	181	189	340	334	235	235
U2531	26	256	268	124	132	163	161	205	203	166	166	227	257	177	193	327	339	183	169	318	346	227	233
